08/07/2013,25.739999771118164,0,0,0
08/08/2013,26.989999771118164,0,0,0
08/09/2013,26.729999542236328,0,0,0
08/12/2013,26.649999618530273,0,0,0
08/13/2013,27.0,0,0,0
08/14/2013,26.93000030517578,0,0,0
08/15/2013,26.790000915527344,0,0,0
08/16/2013,26.139999389648438,0,0,0
08/19/2013,26.059999465942383,0,0,0
08/20/2013,27.0,0,0,0
08/21/2013,27.06999969482422,0,0,0
08/22/2013,27.889999389648438,0,0,0
08/23/2013,27.719999313354492,0,0,0
08/26/2013,27.40999984741211,0,0,0
08/27/2013,26.8700008392334,0,0,0
08/28/2013,26.829999923706055,0,0,0
08/29/2013,27.079999923706055,0,0,0
08/30/2013,27.440000534057617,0,0,0
09/03/2013,27.809999465942383,0,0,0
09/04/2013,27.639999389648438,0,0,0
09/05/2013,28.139999389648438,0,0,0
09/06/2013,28.290000915527344,0,0,0
09/09/2013,28.899999618530273,0,0,0
09/10/2013,28.93000030517578,0,0,0
09/11/2013,28.989999771118164,0,0,0
09/12/2013,28.93000030517578,0,0,0
09/13/2013,28.950000762939453,0,0,0
09/16/2013,28.6299991607666,0,0,0
09/17/2013,29.299999237060547,0,0,0
09/18/2013,29.5,0,0,0
09/19/2013,29.3700008392334,0,0,0
09/20/2013,29.049999237060547,0,0,0
09/23/2013,29.18000030517578,0,0,0
09/24/2013,29.1299991607666,0,0,0
09/25/2013,28.969999313354492,0,0,0
09/26/2013,29.209999084472656,0,0,0
09/27/2013,30.09000015258789,0,0,0
09/30/2013,30.239999771118164,0,0,0
10/01/2013,29.700000762939453,0,0,0
10/02/2013,28.399999618530273,0,0,0
10/03/2013,25.959999084472656,0,0,0
10/04/2013,27.0,0,0,0
10/07/2013,26.350000381469727,0,0,0
10/08/2013,26.020000457763672,0,0,0
10/09/2013,25.84000015258789,0,0,0
10/10/2013,26.649999618530273,0,0,0
10/11/2013,26.459999084472656,0,0,0
10/14/2013,26.850000381469727,0,0,0
10/15/2013,26.389999389648438,0,0,0
10/16/2013,26.700000762939453,0,0,0
10/17/2013,26.65999984741211,0,0,0
10/18/2013,26.520000457763672,0,0,0
10/21/2013,27.15999984741211,0,0,0
10/22/2013,27.729999542236328,0,0,0
10/23/2013,27.549999237060547,0,0,0
10/24/2013,28.940000534057617,0,0,0
10/25/2013,28.780000686645508,0,0,0
10/28/2013,29.09000015258789,0,0,0
10/29/2013,29.559999465942383,0,0,0
10/30/2013,29.0,0,0,0
10/31/2013,29.149999618530273,0,0,0
11/01/2013,29.170000076293945,0,0,0
11/04/2013,29.18000030517578,0,0,0
11/05/2013,29.68000030517578,0,0,0
11/06/2013,29.8700008392334,0,0,0
11/07/2013,29.280000686645508,0,0,0
11/08/2013,29.389999389648438,0,0,0
11/11/2013,29.549999237060547,0,0,0
11/12/2013,29.649999618530273,0,0,0
11/13/2013,30.219999313354492,0,0,0
11/14/2013,30.5,0,0,0
11/15/2013,30.690000534057617,0,0,0
11/18/2013,30.260000228881836,0,0,0
11/19/2013,29.75,0,0,0
11/20/2013,29.770000457763672,0,0,0
11/21/2013,29.969999313354492,0,0,0
11/22/2013,30.5,0,0,0
11/25/2013,30.700000762939453,0,0,0
11/26/2013,30.790000915527344,0,0,0
11/27/2013,30.559999465942383,0,0,0
11/29/2013,30.829999923706055,0,0,0
12/02/2013,29.959999084472656,0,0,0
12/03/2013,28.940000534057617,0,0,0
12/04/2013,29.040000915527344,0,0,0
12/05/2013,29.09000015258789,0,0,0
12/06/2013,29.049999237060547,0,0,0
12/09/2013,28.420000076293945,0,0,0
12/10/2013,28.8799991607666,0,0,0
12/11/2013,28.329999923706055,0,0,0
12/12/2013,28.5,0,0,0
12/13/2013,28.479999542236328,0,0,0
12/16/2013,28.510000228881836,0,0,0
12/17/2013,28.610000610351562,0,0,0
12/18/2013,29.34000015258789,0,0,0
12/19/2013,29.0,0,0,0
12/20/2013,28.969999313354492,0,0,0
12/23/2013,28.899999618530273,0,0,0
12/24/2013,28.90999984741211,0,0,0
12/26/2013,28.8700008392334,0,0,0
12/27/2013,28.75,0,0,0
12/30/2013,29.219999313354492,28.449099941253664,29.786075756,27.1121241265
12/31/2013,29.479999542236328,28.483899936676025,29.7949468125,27.1728530609
01/02/2014,29.1299991607666,28.508799934387206,29.8148736949,27.2027261739
01/03/2014,29.280000686645508,28.53279993057251,29.8279718282,27.2376280329
01/06/2014,28.6299991607666,28.559099941253663,29.8424207404,27.2757791421
01/07/2014,28.479999542236328,28.575399932861327,29.8491302514,27.3016696143
01/08/2014,28.559999465942383,28.590899925231934,29.8538988515,27.327900999
01/09/2014,28.3799991607666,28.608599910736086,29.8585719801,27.3586278414
01/10/2014,28.56999969482422,28.630999908447265,29.8563615334,27.4056382835
01/13/2014,27.969999313354492,28.656099910736085,29.8539387477,27.4582610738
01/14/2014,27.850000381469727,28.66579990386963,29.854077843,27.4775219647
01/15/2014,27.600000381469727,28.673599910736083,29.8539105165,27.493289305
01/16/2014,28.190000534057617,28.670699920654297,29.8532863141,27.4881135273
01/17/2014,27.979999542236328,28.67539993286133,29.8551290926,27.4956707731
01/21/2014,27.729999542236328,28.68109992980957,29.856068799,27.5061310606
01/22/2014,27.829999923706055,28.6896999168396,29.854484448,27.5249153856
01/23/2014,27.479999542236328,28.6996999168396,29.8527085917,27.546691242
01/24/2014,27.399999618530273,28.703699913024902,29.8517658579,27.5556339682
01/27/2014,27.1299991607666,28.703299903869627,29.8518129587,27.5547868491
01/28/2014,27.299999237060547,28.69649990081787,29.8522718907,27.540727911
01/29/2014,26.8799991607666,28.693099899291994,29.8524693574,27.5337304412
01/30/2014,27.360000610351562,28.680499897003173,29.8525890239,27.5084107701
01/31/2014,27.690000534057617,28.671199893951417,29.8500207966,27.4923789913
02/03/2014,26.190000534057617,28.65909990310669,29.8417141003,27.4764857059
02/04/2014,26.260000228881836,28.631699905395507,29.8391998955,27.4241999153
02/05/2014,26.18000030517578,28.604399909973143,29.834146527,27.374653293
02/06/2014,26.889999389648438,28.576899909973143,29.8295919991,27.3242078208
02/07/2014,26.520000457763672,28.556299896240233,29.8195803089,27.2930194836
02/10/2014,26.59000015258789,28.535199909210206,29.8145915731,27.2558082453
02/11/2014,26.350000381469727,28.508099918365478,29.7996483925,27.2165514443
02/12/2014,26.209999084472656,28.476599922180174,29.7819123329,27.1712875115
02/13/2014,26.110000610351562,28.444999904632567,29.7664517842,27.123548025
02/14/2014,25.969999313354492,28.41559991836548,29.7558359744,27.0753638623
02/18/2014,26.0,28.383499908447266,29.7433413768,27.0236584401
02/19/2014,26.59000015258789,28.3521999168396,29.7303970132,26.9740028205
02/20/2014,27.020000457763672,28.328399925231935,29.7162390787,26.9405607718
02/21/2014,27.190000534057617,28.306499938964844,29.6975300707,26.9154698072
02/24/2014,27.059999465942383,28.277499942779542,29.6612559931,26.8937438925
02/25/2014,26.920000076293945,28.245699939727782,29.620501229,26.8708986505
02/26/2014,26.68000030517578,28.21789993286133,29.5911190111,26.8446808546
02/27/2014,26.93000030517578,28.200699939727784,29.5822767732,26.8191231062
02/28/2014,26.75,28.210399951934814,29.5795602161,26.8412396878
03/03/2014,26.020000457763672,28.207899951934813,29.5794941262,26.8363057777
03/04/2014,26.479999542236328,28.204599952697755,29.5810485796,26.8281513258
03/05/2014,27.350000381469727,28.20919994354248,29.5790931434,26.8393067437
03/06/2014,27.25,28.224299945831298,29.5761988071,26.8724010845
03/07/2014,27.81999969482422,28.230299949645996,29.5765179557,26.8840819436
03/10/2014,28.459999084472656,28.243899955749512,29.5789886311,26.9088112804
03/11/2014,28.31999969482422,28.25999994277954,29.5878704145,26.9321294711
03/12/2014,28.020000457763672,28.279299945831298,29.5938091617,26.96479073
03/13/2014,27.709999084472656,28.292499942779543,29.5976783757,26.9873215099
03/14/2014,27.739999771118164,28.302999935150147,29.5991955218,27.0068043485
03/17/2014,28.239999771118164,28.31519992828369,29.6002497248,27.0301501318
03/18/2014,27.739999771118164,28.32599992752075,29.6058233598,27.0461764952
03/19/2014,27.790000915527344,28.32609992980957,29.605877178,27.0463226816
03/20/2014,27.760000228881836,28.32849994659424,29.6070439402,27.049955953
03/21/2014,27.350000381469727,28.31669994354248,29.5949910267,27.0384088604
03/24/2014,26.860000610351562,28.302399940490723,29.5834238309,27.0213760501
03/25/2014,26.690000534057617,28.280099945068358,29.566617312,26.9935825782
03/26/2014,26.549999237060547,28.251399955749513,29.5410533896,26.9617465219
03/27/2014,26.420000076293945,28.226899948120117,29.5253410723,26.928458824
03/28/2014,26.31999969482422,28.199599952697753,29.5070141199,26.8921857855
03/31/2014,27.329999923706055,28.171099948883057,29.4880782181,26.8541216796
04/01/2014,27.8799991607666,28.15259994506836,29.4682690542,26.8369308359
04/02/2014,28.059999465942383,28.13459993362427,29.4415332898,26.8276665774
04/03/2014,28.139999389648438,28.116499919891357,29.4117553682,26.8212444716
04/04/2014,28.1200008392334,28.105099906921385,29.3950707973,26.8151290166
04/07/2014,27.670000076293945,28.092399921417236,29.3758936541,26.8089061887
04/08/2014,27.469999313354492,28.07359992980957,29.3493510736,26.797848786
04/09/2014,28.510000228881836,28.051799926757813,29.3190247363,26.7845751172
04/10/2014,27.969999313354492,28.034699935913086,29.283961677,26.7854381948
04/11/2014,27.399999618530273,28.00939992904663,29.2338506733,26.7849491848
04/14/2014,27.219999313354492,27.976499919891356,29.1723488676,26.7806509722
04/15/2014,27.739999771118164,27.946099910736084,29.1219866996,26.7702131219
04/16/2014,27.989999771118164,27.925999908447267,29.0879766498,26.7640231671
04/17/2014,27.959999084472656,27.90819990158081,29.0553314053,26.7610683979
04/21/2014,27.959999084472656,27.88809989929199,29.0163832592,26.7598165394
04/22/2014,28.239999771118164,27.862699890136717,28.960064758,26.7653350223
04/23/2014,28.229999542236328,27.838099880218508,28.8985362443,26.7776635161
04/24/2014,27.09000015258789,27.812499866485595,28.831454516,26.7935452169
04/25/2014,25.979999542236328,27.777799873352052,28.7610582352,26.7945415115
04/28/2014,25.65999984741211,27.729299869537353,28.6798819884,26.7787177507
04/29/2014,25.6200008392334,27.686299877166746,28.6322476565,26.7403520978
04/30/2014,25.639999389648438,27.653099880218505,28.6126274855,26.693572275
05/01/2014,25.8799991607666,27.61909986495972,28.5890627587,26.6491369712
05/02/2014,25.989999771118164,27.586999855041505,28.5608616731,26.613138037
05/05/2014,25.8799991607666,27.55639986038208,28.5318848176,26.5809149032
05/06/2014,25.719999313354492,27.530999851226806,28.5166828028,26.5453168997
05/07/2014,25.25,27.499399852752685,28.4919579413,26.5068417642
05/08/2014,25.1299991607666,27.468599853515624,28.4824647121,26.4547349949
05/09/2014,25.559999465942383,27.43489984512329,28.4697133212,26.4000863691
05/12/2014,26.040000915527344,27.405699844360353,28.4517478694,26.3596518193
05/13/2014,25.8799991607666,27.380999851226807,28.4298386965,26.332161006
05/14/2014,25.190000534057617,27.353699836730957,28.4057184842,26.3016811893
05/15/2014,24.790000915527344,27.312199840545656,28.3668955513,26.2575041298
05/16/2014,24.979999542236328,27.270099849700927,28.3404917468,26.1997079526
05/19/2014,25.520000457763672,27.230199851989745,28.3107996002,26.1496001038
05/20/2014,25.079999923706055,27.19639986038208,28.2771028184,26.1156969023
05/21/2014,24.770000457763672,27.15809986114502,28.2452425525,26.0709571698
05/22/2014,24.8700008392334,27.117099857330324,28.2161550739,26.0180446408
05/23/2014,25.09000015258789,27.078299865722656,28.187465246,25.9691344854
05/27/2014,25.399999618530273,27.03699987411499,28.1425344705,25.9314652777
05/28/2014,25.549999237060547,26.99619987487793,28.0859967956,25.9064029541
05/29/2014,25.649999618530273,26.96039987564087,28.038249428,25.8825503233
05/30/2014,26.229999542236328,26.924099864959718,27.9841979622,25.8640017677
06/02/2014,26.1200008392334,26.900099868774415,27.9484074594,25.8517922782
06/03/2014,25.639999389648438,26.876499881744383,27.9154977452,25.8375020183
06/04/2014,25.510000228881836,26.847299880981446,27.8795845057,25.8150152563
06/05/2014,25.8799991607666,26.818599891662597,27.847764548,25.7894352353
06/06/2014,25.920000076293945,26.79169988632202,27.8098314987,25.7735682739
06/09/2014,26.309999465942383,26.771199893951415,27.7860331022,25.7563666857
06/10/2014,26.530000686645508,26.755799884796144,27.7658188122,25.7457809574
06/11/2014,26.920000076293945,26.7450998878479,27.7517809952,25.7384187805
06/12/2014,26.809999465942383,26.732399883270265,27.7287301918,25.7360695747
06/13/2014,26.979999542236328,26.720699882507326,27.709149356,25.7322504091
06/16/2014,27.850000381469727,26.713199882507325,27.6967961496,25.7296036154
06/17/2014,28.059999465942383,26.71339988708496,27.6972252309,25.7295745433
06/18/2014,28.059999465942383,26.71919988632202,27.7092176746,25.7291820981
06/19/2014,28.25,26.725799884796142,27.7225115851,25.7290881845
06/20/2014,27.770000457763672,26.736999893188475,27.7444257528,25.7295740336
06/23/2014,27.8700008392334,26.741699905395507,27.7528309511,25.7305688597
06/24/2014,28.260000228881836,26.751599922180176,27.7688645605,25.7343352839
06/25/2014,27.75,26.76059991836548,27.7871463349,25.7340535018
06/26/2014,27.559999465942383,26.761199913024903,27.7883067504,25.7340930756
06/27/2014,27.90999984741211,26.77489990234375,27.8034322964,25.7463675082
06/30/2014,28.479999542236328,26.791399898529054,27.8247633089,25.7580364881
07/01/2014,28.31999969482422,26.814399890899658,27.8594293313,25.7693704505
07/02/2014,28.440000534057617,26.828699893951416,27.8843954921,25.7730042958
07/03/2014,28.239999771118164,26.847899894714356,27.9152023355,25.7805974539
07/07/2014,27.940000534057617,26.86439989089966,27.9403072048,25.788492577
07/08/2014,27.270000457763672,26.880299892425537,27.9602289813,25.8003708036
07/09/2014,27.399999618530273,26.89089990615845,27.9693989141,25.8124008982
07/10/2014,27.059999465942383,26.903799896240233,27.9805949039,25.8270048886
07/11/2014,26.75,26.914699897766113,27.9874966289,25.8419031667
07/14/2014,26.690000534057617,26.922199897766113,27.9911905796,25.8532092159
07/15/2014,25.8700008392334,26.923199901580812,27.991926095,25.8544737081
07/16/2014,24.920000076293945,26.91169990539551,27.9854978407,25.8379019701
07/17/2014,24.290000915527344,26.888999900817872,27.9805221797,25.7974776219
07/18/2014,24.600000381469727,26.861299915313722,27.9828654037,25.7397344269
07/21/2014,25.309999465942383,26.83809991836548,27.9819841799,25.6942156569
07/22/2014,25.270000457763672,26.824399909973145,27.9782562566,25.6705435634
07/23/2014,24.690000534057617,26.807799911499025,27.971912866,25.643686957
07/24/2014,25.799999237060547,26.7871999168396,27.9702265204,25.6041733133
07/25/2014,26.459999084472656,26.784999904632567,27.9696546249,25.6003451843
07/28/2014,26.6200008392334,26.78479990005493,27.9695077837,25.6000920165
07/29/2014,26.239999771118164,26.777499904632567,27.9609510236,25.5940487857
07/30/2014,26.5,26.76739990234375,27.9510852666,25.5837145381
07/31/2014,26.290000915527344,26.75419990539551,27.9334251449,25.5749746659
08/01/2014,26.31999969482422,26.732499923706055,27.9000437451,25.5649561023
08/04/2014,26.739999771118164,26.712499923706055,27.8697633267,25.5552365207
08/05/2014,26.639999389648438,26.6996999168396,27.8494854315,25.5499144022
08/06/2014,26.649999618530273,26.68899991989136,27.8343037387,25.5436961011
08/07/2014,26.84000015258789,26.67809991836548,27.8185258171,25.5376740196
08/08/2014,26.829999923706055,26.664099922180174,27.7938087502,25.5343910942
08/11/2014,26.889999389648438,26.654999923706054,27.7796593608,25.5303404867
08/12/2014,26.450000762939453,26.645999908447266,27.765128062,25.5268717549
08/13/2014,26.40999984741211,26.632899913787842,27.7465652153,25.5192346123
08/14/2014,26.790000915527344,26.623499908447265,27.7350378328,25.5119619841
08/15/2014,26.639999389648438,26.622799911499023,27.7342107119,25.5113891111
08/18/2014,27.18000030517578,26.62229990005493,27.7336916025,25.5109081976
08/19/2014,26.920000076293945,26.628599910736085,27.7413486917,25.5158511297
08/20/2014,27.010000228881836,26.633599910736084,27.7465234711,25.5206763503
08/21/2014,26.93000030517578,26.64049991607666,27.7535967503,25.5274030819
08/22/2014,27.100000381469727,26.636499919891357,27.747829108,25.5251707317
08/25/2014,27.329999923706055,26.62869993209839,27.7339949822,25.523404882
08/26/2014,27.110000610351562,26.621399936676024,27.7196056966,25.5231941768
08/27/2014,27.270000457763672,26.611099948883055,27.6998036113,25.5223962865
08/28/2014,27.579999923706055,26.60259994506836,27.6827745117,25.5224253785
08/29/2014,27.719999313354492,26.60169994354248,27.6810219349,25.5223779522
09/02/2014,28.079999923706055,26.60419994354248,27.6858173472,25.5225825399
09/03/2014,28.559999465942383,26.599899940490722,27.6747658979,25.5250339831
09/04/2014,28.209999084472656,26.605799942016603,27.6897511379,25.5218487462
09/05/2014,27.950000762939453,26.613899936676024,27.7067455812,25.5210542922
09/08/2014,27.809999465942383,26.621199951171874,27.7204889951,25.5219109072
09/09/2014,27.850000381469727,26.621899948120117,27.7219232318,25.5218766644
09/10/2014,27.940000534057617,26.620499954223632,27.7188690179,25.5221308905
09/11/2014,28.239999771118164,26.620299968719483,27.7184269189,25.5221730185
09/12/2014,28.229999542236328,26.623099975585937,27.7249898503,25.5212101009
09/15/2014,27.790000915527344,26.62299997329712,27.7247435454,25.5212564012
09/16/2014,27.899999618530273,26.61859998703003,27.7147815298,25.5224184443
09/17/2014,27.84000015258789,26.626699981689452,27.7293087218,25.5240912416
09/18/2014,27.90999984741211,26.645299987792967,27.7525212087,25.5380787669
09/19/2014,27.639999389648438,26.667799987792968,27.777628387,25.5579715886
09/22/2014,27.690000534057617,26.68799997329712,27.7969562044,25.5790437422
09/23/2014,27.450000762939453,26.70849998474121,27.8168413902,25.6001585793
09/24/2014,27.389999389648438,26.724200000762938,27.8318137775,25.6165862241
09/25/2014,27.260000228881836,26.738199996948243,27.8452928869,25.631107107
09/26/2014,27.149999618530273,26.752000007629395,27.856908101,25.6470919143
09/29/2014,27.59000015258789,26.766300010681153,27.8670048699,25.6655951514
09/30/2014,27.459999084472656,26.78970001220703,27.8827676172,25.6966324072
10/01/2014,26.56999969482422,26.813000011444093,27.8952203395,25.7307796834
10/02/2014,26.40999984741211,26.823100013732912,27.8982694033,25.7479306241
10/03/2014,26.31999969482422,26.82680000305176,27.8999027949,25.7536972112
10/06/2014,26.18000030517578,26.831200008392333,27.9013095304,25.7610904864
10/07/2014,26.190000534057617,26.841100006103517,27.9005062702,25.781693742
10/08/2014,26.520000457763672,26.855100002288818,27.8964044069,25.8137955977
10/09/2014,26.780000686645508,26.870500011444094,27.8952148998,25.8457851231
10/10/2014,26.920000076293945,26.88310001373291,27.8988387858,25.8673612416
10/13/2014,26.670000076293945,26.90150001525879,27.9009441657,25.9020558648
10/14/2014,27.459999084472656,26.92050001144409,27.8970401431,25.9439598798
10/15/2014,27.719999313354492,26.946399993896485,27.9023419082,25.9904580796
10/16/2014,27.940000534057617,26.97269998550415,27.9132613122,26.0321386588
10/17/2014,27.799999237060547,26.998099994659423,27.9301049774,26.0660950119
10/20/2014,27.959999084472656,27.020599994659424,27.9444979889,26.0967020004
10/21/2014,27.940000534057617,27.04369998931885,27.9619010276,26.1254989511
10/22/2014,27.860000610351562,27.060799999237062,27.9796107517,26.1419892468
10/23/2014,28.549999237060547,27.078199996948243,27.9955039948,26.1608959991
10/24/2014,28.760000228881836,27.107299995422363,28.0246753465,26.1899246444
10/27/2014,28.530000686645508,27.139799995422365,28.057580906,26.2220190848
10/28/2014,29.059999465942383,27.16630001068115,28.0855797,26.2470203213
10/29/2014,28.950000762939453,27.197700004577637,28.1274405752,26.267959434
10/30/2014,29.360000610351562,27.224100017547606,28.1656657481,26.282534287
10/31/2014,29.459999084472656,27.25240001678467,28.2149737073,26.2898263263
11/03/2014,29.549999237060547,27.277800006866457,28.2644777604,26.2911222533
11/04/2014,29.110000610351562,27.305200004577635,28.3162503245,26.2941496846
11/05/2014,29.139999389648438,27.326500015258787,28.3527965406,26.3002034899
11/06/2014,29.0,27.339400005340575,28.3802003808,26.2985996299
11/07/2014,28.850000381469727,27.348800010681153,28.4002563099,26.2973437115
11/10/2014,28.989999771118164,27.356700019836424,28.4164056006,26.2969944391
11/11/2014,30.18000030517578,27.364100017547607,28.4325652674,26.2956347677
11/12/2014,30.600000381469727,27.388200016021727,28.4921395854,26.2842604467
11/13/2014,30.440000534057617,27.41550001144409,28.5638782499,26.267121773
11/14/2014,30.329999923706055,27.43730001449585,28.6216317106,26.2529683184
11/17/2014,30.219999313354492,27.46310001373291,28.681572517,26.2446275104
11/18/2014,30.389999389648438,27.48970001220703,28.7386510616,26.2407489628
11/19/2014,30.049999237060547,27.514500007629394,28.7957550678,26.2332449474
11/20/2014,30.270000457763672,27.530200004577637,28.8326337685,26.2277662407
11/21/2014,30.40999984741211,27.54970001220703,28.8781504963,26.2212495281
11/24/2014,31.1299991607666,27.569400005340576,28.9252316322,26.2135683785
11/25/2014,31.34000015258789,27.59829999923706,28.9982020721,26.1983979264
11/26/2014,31.239999771118164,27.632299995422365,29.0805421788,26.184057812
11/28/2014,31.3799991607666,27.671999988555907,29.1635333269,26.1804666502
12/01/2014,31.0,27.71179998397827,29.2479771861,26.1756227818
12/02/2014,30.950000762939453,27.75119998931885,29.3203278331,26.1820721455
12/03/2014,30.829999923706055,27.793199996948243,29.390916317,26.1954836769
12/04/2014,30.309999465942383,27.834599990844726,29.4566463919,26.2125535898
12/05/2014,30.459999084472656,27.878999977111818,29.5074172135,26.2505827407
12/08/2014,30.15999984741211,27.934399967193603,29.5554281276,26.3133718068
12/09/2014,30.1299991607666,27.993099956512452,29.5871523746,26.3990475384
12/10/2014,29.559999465942383,28.04839994430542,29.6195387536,26.4772611351
12/11/2014,29.479999542236328,28.09089994430542,29.6447763446,26.5370235441
12/12/2014,29.510000228881836,28.132999935150146,29.6667798072,26.5992200631
12/15/2014,29.690000534057617,28.181199932098387,29.6813920216,26.6810078426
12/16/2014,29.229999542236328,28.22009994506836,29.7084301233,26.7317697668
12/17/2014,29.65999984741211,28.247799949645994,29.7288734964,26.7667264029
12/18/2014,29.600000381469727,28.278199939727784,29.7567466848,26.7996531946
12/19/2014,29.989999771118164,28.3117999458313,29.7818001097,26.8417997819
12/22/2014,30.010000228881836,28.34669994354248,29.8146985226,26.8787013645
12/23/2014,30.139999389648438,28.383899936676027,29.8464325203,26.9213673531
12/24/2014,30.489999771118164,28.422099933624267,29.8801069052,26.964092962
12/26/2014,30.729999542236328,28.45959993362427,29.9220791871,26.9971206801
12/29/2014,30.639999389648438,28.500499935150145,29.9686996625,27.0323002078
12/30/2014,31.100000381469727,28.540399932861327,30.0119805438,27.0688193219
12/31/2014,30.899999618530273,28.582999935150145,30.0663531246,27.0996467457
01/02/2015,30.030000686645508,28.62369993209839,30.114214937,27.1331849272
01/05/2015,29.559999465942383,28.655099945068358,30.1418308089,27.1683690813
01/06/2015,29.489999771118164,28.68619993209839,30.1589406627,27.2134592015
01/07/2015,30.209999084472656,28.71699993133545,30.1739373676,27.2600624951
01/08/2015,30.600000381469727,28.7511999130249,30.202631712,27.299768114
01/09/2015,30.469999313354492,28.790799922943116,30.2381060625,27.3434937834
01/12/2015,30.350000381469727,28.823699913024903,30.2714094847,27.3759903413
01/13/2015,30.43000030517578,28.85799991607666,30.3008241307,27.4151757014
01/14/2015,29.649999618530273,28.8921999168396,30.3313430293,27.4530568044
01/15/2015,29.8700008392334,28.919399909973144,30.3468568758,27.4919429442
01/16/2015,30.049999237060547,28.94709991455078,30.3658318744,27.5283679547
01/20/2015,30.170000076293945,28.974299907684326,30.3878324611,27.5607673543
01/21/2015,30.149999618530273,29.00489990234375,30.4108439944,27.5989558103
01/22/2015,31.790000915527344,29.033699893951415,30.4332938077,27.6341059802
01/23/2015,32.060001373291016,29.07579990386963,30.4942251679,27.6573746398
01/26/2015,33.61000061035156,29.119199924468994,30.5616697854,27.6767300636
01/27/2015,33.380001068115234,29.17449993133545,30.68066551,27.6683343527
01/28/2015,33.650001525878906,29.222699947357178,30.7845250972,27.6608747975
01/29/2015,33.630001068115234,29.27709997177124,30.8963877159,27.6578122276
01/30/2015,33.33000183105469,29.333899974822998,31.004448422,27.6633515276
02/02/2015,33.630001068115234,29.389099998474123,31.0991148068,27.6790851901
02/03/2015,33.709999084472656,29.446900005340577,31.2010305439,27.6927694667
02/04/2015,34.45000076293945,29.504599990844728,31.3025647668,27.7066352149
02/05/2015,33.959999084472656,29.56670000076294,31.4261081526,27.7072918489
02/06/2015,33.45000076293945,29.623999996185304,31.5290612742,27.7189387182
02/09/2015,33.880001068115234,29.680599994659424,31.614198248,27.7470017413
02/10/2015,33.63999938964844,29.740400009155273,31.7101386924,27.7706613259
02/11/2015,34.0,29.798400001525877,31.796514122,27.800285881
02/12/2015,34.52000045776367,29.859300003051757,31.8914479067,27.8271520994
02/13/2015,34.939998626708984,29.92810001373291,32.000021826,27.8561782015
02/17/2015,33.7599983215332,30.000599994659424,32.1192562039,27.8819437854
02/18/2015,33.2599983215332,30.063699970245363,32.1993492204,27.9280507201
02/19/2015,34.93000030517578,30.12239995956421,32.2644150189,27.9803849002
02/20/2015,35.540000915527344,30.19909996032715,32.3743108726,28.0238890481
02/23/2015,35.349998474121094,30.28299997329712,32.5003825298,28.0656174168
02/24/2015,34.93000030517578,30.360599956512452,32.6178075017,28.1033924113
02/25/2015,35.119998931884766,30.435299968719484,32.7187327248,28.1518672126
02/26/2015,35.0099983215332,30.520799961090088,32.8179315387,28.2236683835
02/27/2015,34.970001220703125,30.6067999458313,32.9093984195,28.3042014722
03/02/2015,34.86000061035156,30.693299961090087,32.9957087362,28.390891186
03/03/2015,34.790000915527344,30.780099964141847,33.0743246987,28.4858752296
03/04/2015,34.619998931884766,30.866099967956544,33.1478041689,28.5843957671
03/05/2015,34.720001220703125,30.947099952697755,33.2168234662,28.6773764392
03/06/2015,33.79999923706055,31.02649995803833,33.2879245408,28.7650753752
03/09/2015,33.709999084472656,31.095299949645995,33.3352993413,28.855300558
03/10/2015,33.790000915527344,31.165699939727784,33.3759431033,28.9554567762
03/11/2015,33.70000076293945,31.22899995803833,33.4227901297,29.0352097863
03/12/2015,34.709999084472656,31.28879997253418,33.4675764343,29.1100235108
03/13/2015,34.13999938964844,31.35649995803833,33.535349434,29.177650482
03/16/2015,33.959999084472656,31.41989995956421,33.5865464919,29.2532534273
03/17/2015,34.11000061035156,31.479899959564207,33.6329371378,29.3268627813
03/18/2015,34.63999938964844,31.541599960327147,33.6806716318,29.4025282889
03/19/2015,34.560001373291016,31.609399948120117,33.7381295763,29.4806703199
03/20/2015,34.540000915527344,31.669499969482423,33.7958440098,29.5431559291
03/23/2015,34.349998474121094,31.727299976348878,33.8523279777,29.602271975
03/24/2015,34.0099983215332,31.78549995422363,33.9018446841,29.6691552243
03/25/2015,33.93000030517578,31.83499994277954,33.9448968994,29.7251029862
03/26/2015,33.93000030517578,31.884799938201905,33.9847626023,29.7848372741
03/27/2015,33.709999084472656,31.930499935150145,34.0247389449,29.8362609254
03/30/2015,34.0,31.972999935150145,34.0597829156,29.8862169547
03/31/2015,33.709999084472656,32.017499942779544,34.0995808551,29.9354190304
04/01/2015,33.529998779296875,32.06349992752075,34.1316041166,29.9953957385
04/02/2015,34.25,32.10739992141723,34.159512336,30.0552875068
04/06/2015,35.900001525878906,32.159899921417235,34.1989578216,30.1208420212
04/07/2015,35.279998779296875,32.23039993286133,34.2756666928,30.1851331729
04/08/2015,36.33000183105469,32.29329992294311,34.3346617992,30.2519380467
04/09/2015,36.18000030517578,32.35479993820191,34.424018469,30.2855814074
04/10/2015,36.18000030517578,32.41059993743897,34.5068060465,30.3143938284
04/13/2015,36.2400016784668,32.46799993515015,34.5879141936,30.3480856767
04/14/2015,36.18000030517578,32.52709995269775,34.6688546497,30.3853452557
04/15/2015,35.86000061035156,32.58669996261597,34.7462764714,30.4271234538
04/16/2015,36.099998474121094,32.641399974822995,34.813879812,30.4689201376
04/17/2015,35.9900016784668,32.701899967193604,34.8855835184,30.5182164159
04/20/2015,36.650001525878906,32.75909997940064,34.9532232182,30.5649767406
04/21/2015,37.0,32.8214999961853,35.0365601441,30.6064398482
04/22/2015,37.5099983215332,32.88020000457764,35.127205265,30.6331947442
04/23/2015,37.400001525878906,32.94189998626709,35.230098824,30.6537011485
04/24/2015,37.619998931884766,33.0035000038147,35.3276861859,30.6793138217
04/27/2015,37.619998931884766,33.065900001525875,35.4290992574,30.7027007457
04/28/2015,37.29999923706055,33.13209999084473,35.5289827637,30.735217218
04/29/2015,37.59000015258789,33.195599975585935,35.6178124043,30.7733875469
04/30/2015,37.36000061035156,33.263199977874756,35.7126264786,30.8137734772
05/01/2015,37.88999938964844,33.333699989318845,35.7985212308,30.8688787479
05/04/2015,37.95000076293945,33.407999992370605,35.8969436107,30.919056374
05/05/2015,37.400001525878906,33.48590000152588,35.9938024287,30.9779975743
05/06/2015,37.08000183105469,33.558600025177,36.0735295458,31.0436705045
05/07/2015,36.720001220703125,33.63380004882813,36.1404572038,31.1271428938
05/08/2015,36.63999938964844,33.70620006561279,36.1963394434,31.2160606879
05/11/2015,36.68000030517578,33.77750005722046,36.2484717863,31.3065283282
05/12/2015,37.02000045776367,33.84740005493164,36.3005579849,31.3942421249
05/13/2015,37.2400016784668,33.92530006408691,36.3541610062,31.4964391219
05/14/2015,37.75,34.001100082397464,36.413891918,31.5883082468
05/15/2015,37.869998931884766,34.082600078582765,36.4829683655,31.6822317917
05/18/2015,39.08000183105469,34.16140007019043,36.555457004,31.7673431364
05/19/2015,39.13999938964844,34.25210008621216,36.6589377076,31.8452624648
05/20/2015,38.93000030517578,34.342100086212156,36.7617259272,31.9224742453
05/21/2015,38.970001220703125,34.42650009155273,36.8574602651,31.9955399181
05/22/2015,39.13999938964844,34.5089001083374,36.9527844068,32.0650158099
05/26/2015,38.56999969482422,34.5939001083374,37.0495328867,32.13826733
05/27/2015,38.77000045776367,34.66860010147095,37.130423121,32.206777082
05/28/2015,39.9900016784668,34.74730010986328,37.21318134,32.2814188798
05/29/2015,40.34000015258789,34.846900119781495,37.3213657465,32.3724344931
06/01/2015,41.68000030517578,34.95470012664795,37.4313082084,32.4780920448
06/02/2015,40.369998931884766,35.07660013198853,37.5810751478,32.5721251162
06/03/2015,40.130001068115234,35.17820013046265,37.6892626936,32.6671375673
06/04/2015,40.630001068115234,35.2735001373291,37.7898382109,32.7571620638
06/05/2015,41.13999938964844,35.37510015487671,37.9005346833,32.8496656264
06/08/2015,40.779998779296875,35.483000144958496,38.0218978397,32.9441024502
06/09/2015,41.27000045776367,35.58650012969971,38.1282599785,33.0447402809
06/10/2015,41.380001068115234,35.70270013809204,38.2360066856,33.1693935906
06/11/2015,41.540000915527344,35.81780014038086,38.3449542117,33.290646069
06/12/2015,42.470001220703125,35.93270015716553,38.4562029273,33.409197387
06/15/2015,43.09000015258789,36.05570016860962,38.5950333799,33.5163669573
06/16/2015,42.439998626708984,36.1851001739502,38.7497657602,33.6204345877
06/17/2015,42.650001525878906,36.29160015106201,38.8924146188,33.6907856833
06/18/2015,43.09000015258789,36.39750015258789,39.0391378045,33.7558625007
06/19/2015,43.220001220703125,36.49230014801025,39.2014432727,33.7831570233
06/22/2015,43.060001373291016,36.59070014953613,39.3629789002,33.8184213989
06/23/2015,42.939998626708984,36.684800148010254,39.5147676674,33.8548326286
06/24/2015,42.90999984741211,36.77790012359619,39.6585260385,33.8972742087
06/25/2015,42.869998931884766,36.87370010375977,39.7970499749,33.9503502326
06/26/2015,41.209999084472656,36.96610008239746,39.9311931459,34.0010070189
06/29/2015,39.91999816894531,37.04110008239746,40.0177150601,34.0644851047
06/30/2015,40.27000045776367,37.09580005645752,40.0745560423,34.1170440706
07/01/2015,39.369998931884766,37.15890007019043,40.1373944241,34.1804057163
07/02/2015,39.02000045776367,37.21810005187988,40.1810806828,34.2551194209
07/06/2015,38.41999816894531,37.26950004577637,40.2186781792,34.3203219124
07/07/2015,36.2599983215332,37.31730003356934,40.2459294968,34.3886705703
07/08/2015,35.369998931884766,37.33990001678467,40.2515136326,34.428286401
07/09/2015,35.369998931884766,37.34840000152588,40.2530012419,34.4437987612
07/10/2015,36.459999084472656,37.352700004577635,40.2540491066,34.4513509026
07/13/2015,37.2599983215332,37.37970001220703,40.2599763369,34.4994236875
07/14/2015,37.41999816894531,37.41970001220703,40.2701062238,34.5692938006
07/15/2015,37.209999084472656,37.44459999084473,40.2840030121,34.6051969696
07/16/2015,37.93000030517578,37.46129997253418,40.2943559245,34.6282440205
07/17/2015,38.02000045776367,37.487099990844726,40.3125488483,34.6616511334
07/20/2015,38.709999084472656,37.517999992370605,40.3321888057,34.7038111791
07/21/2015,37.5,37.553899993896486,40.3601562891,34.7476436987
07/22/2015,37.88999938964844,37.57880001068115,40.3733964177,34.7842036036
07/23/2015,37.25,37.60799999237061,40.3904137967,34.825586188
07/24/2015,36.40999984741211,37.631899986267086,40.4008387727,34.8629611998
07/27/2015,36.20000076293945,37.648099975585936,40.4050776794,34.8911222717
07/28/2015,36.650001525878906,37.663899993896486,40.4079758625,34.9198241252
07/29/2015,37.5,37.68319999694824,40.4132539129,34.953146081
07/30/2015,37.09000015258789,37.720200004577634,40.4223044667,35.0180955424
07/31/2015,37.40999984741211,37.75400001525879,40.4267103415,35.081289689
08/03/2015,37.40999984741211,37.790200004577635,40.4333270392,35.1470729699
08/04/2015,37.40999984741211,37.827299995422365,40.4386008849,35.215999106
08/05/2015,37.97999954223633,37.854300003051755,40.4471226116,35.2614773945
08/06/2015,36.41999816894531,37.892700004577634,40.4585238942,35.326876115
08/07/2015,36.689998626708984,37.91729999542236,40.4569602512,35.3776397397
08/10/2015,37.939998626708984,37.94309997558594,40.4569249448,35.4292750063
08/11/2015,35.790000915527344,37.97609996795654,40.4679110238,35.4842889121
08/12/2015,34.7400016784668,37.9883999633789,40.4663152248,35.510484702
08/13/2015,35.220001220703125,37.9903999710083,40.4656103453,35.5151895968
08/14/2015,34.869998931884766,37.99909999847412,40.4630027092,35.5351972877
08/17/2015,35.380001068115234,38.007700004577636,40.459133467,35.5562665421
08/18/2015,34.529998779296875,38.02220001220703,40.4536784594,35.590721565
08/19/2015,34.33000183105469,38.028199996948246,40.4502951952,35.6061047987
08/20/2015,32.15999984741211,38.03440002441406,40.4462053264,35.6225947224
08/21/2015,30.850000381469727,38.016000022888186,40.4652423942,35.5667576516
08/24/2015,29.18000030517578,37.98740003585815,40.5025678836,35.4722321882
08/25/2015,30.139999389648438,37.94390005111694,40.570912745,35.3168873572
08/26/2015,31.280000686645508,37.90280004501343,40.6179549509,35.1876451391
08/27/2015,32.02000045776367,37.856600036621096,40.6437911704,35.0694089028
08/28/2015,32.08000183105469,37.82400005340576,40.6597789347,34.9882211721
08/31/2015,31.350000381469727,37.781500053405765,40.6706955232,34.8923045836
09/01/2015,30.18000030517578,37.7332000541687,40.688383879,34.7780162294
09/02/2015,30.719999313354492,37.6732000541687,40.7188355229,34.6275645854
09/03/2015,30.979999542236328,37.61800003051758,40.7382208232,34.4977792378
09/04/2015,30.770000457763672,37.56600002288818,40.7523813352,34.3796187106
09/08/2015,31.59000015258789,37.51510002136231,40.768281052,34.2619189907
09/09/2015,32.0099983215332,37.47000003814697,40.7733613218,34.1666387545
09/10/2015,31.40999984741211,37.430200004577635,40.7748709844,34.0855290247
09/11/2015,31.219999313354492,37.37779998779297,40.7749192386,33.980680737
09/14/2015,31.219999313354492,37.31999998092651,40.7717873624,33.8682125995
09/15/2015,32.779998779296875,37.25709999084473,40.7617567224,33.7524432593
09/16/2015,33.849998474121094,37.21089996337891,40.7437068513,33.6780930755
09/17/2015,34.290000915527344,37.17319995880127,40.72152156,33.6248783576
09/18/2015,34.11000061035156,37.13989997863769,40.6994799217,33.5803200356
09/21/2015,34.189998626708984,37.10799999237061,40.6802735465,33.5357264382
09/22/2015,33.970001220703125,37.07399997711182,40.6576861273,33.4903138269
09/23/2015,32.72999954223633,37.040099983215335,40.6369301617,33.4432698048
09/24/2015,32.5099983215332,36.98849998474121,40.6096974581,33.3673025114
09/25/2015,32.45000076293945,36.934099960327146,40.5812134371,33.2869864836
09/28/2015,31.59000015258789,36.884599952697755,40.5585470501,33.2106528553
09/29/2015,32.040000915527344,36.829699935913084,40.5411443063,33.1182555655
09/30/2015,33.790000915527344,36.782899932861326,40.5248140023,33.0409858634
10/01/2015,33.29999923706055,36.75439994812012,40.5081286135,33.0006712827
10/02/2015,33.72999954223633,36.72059993743896,40.4900309214,32.9511689535
10/05/2015,34.599998474121094,36.68769992828369,40.4687140823,32.9066857743
10/06/2015,35.150001525878906,36.66129989624024,40.4475785009,32.8750212916
10/07/2015,35.04999923706055,36.635299911499025,40.4229399712,32.8476598518
10/08/2015,35.13999938964844,36.60709991455078,40.3959399676,32.8182598615
10/09/2015,36.5,36.567699890136716,40.3511015323,32.784298248
10/12/2015,36.900001525878906,36.54129989624023,40.3158607464,32.766739046
10/13/2015,36.2599983215332,36.520999908447266,40.2881109095,32.7538889074
10/14/2015,35.689998626708984,36.49389987945557,40.2530348899,32.734764869
10/15/2015,36.380001068115234,36.45939987182617,40.2099131597,32.708886584
10/16/2015,36.72999954223633,36.437499885559085,40.1820141449,32.6929856262
10/19/2015,37.599998474121094,36.41709987640381,40.1544011553,32.6797985975
10/20/2015,37.18000030517578,36.39319984436035,40.11518666,32.6712130287
10/21/2015,36.810001373291016,36.36159984588623,40.0633029025,32.6598967893
10/22/2015,37.59000015258789,36.312899856567384,39.9761485016,32.6496512116
10/23/2015,37.56999969482422,36.28509986877442,39.9279458878,32.6422538498
10/26/2015,37.709999084472656,36.259499855041504,39.8841858802,32.6348138299
10/27/2015,37.97999954223633,36.23029983520508,39.8313445185,32.6292551519
10/28/2015,38.16999816894531,36.19869983673096,39.7702663341,32.6271333394
10/29/2015,38.279998779296875,36.17259983062744,39.7200472518,32.6251524095
10/30/2015,38.38999938964844,36.142699813842775,39.6595258781,32.6258737496
11/02/2015,38.939998626708984,36.1127997970581,39.5975353487,32.6280642454
11/03/2015,38.68000030517578,36.08679977416992,39.5405066633,32.633092885
11/04/2015,38.709999084472656,36.048899765014646,39.4527871234,32.6450124067
11/05/2015,38.790000915527344,36.00509975433349,39.34569465,32.6645048587
11/06/2015,39.16999816894531,35.96859977722168,39.258237982,32.6789615725
11/09/2015,39.33000183105469,35.933799743652344,39.1705553259,32.6970441614
11/10/2015,39.349998474121094,35.896199760437014,39.0708497858,32.721549735
11/11/2015,39.400001525878906,35.85749973297119,38.9655234891,32.7494759768
11/12/2015,38.56999969482422,35.82089973449707,38.8647796598,32.7770198092
11/13/2015,37.65999984741211,35.77719974517822,38.7490771192,32.8053223712
11/16/2015,38.06999969482422,35.72469974517822,38.6153709242,32.8340285661
11/17/2015,38.58000183105469,35.676699752807615,38.4870604378,32.8663390678
11/18/2015,38.66999816894531,35.65039978027344,38.4208786389,32.8799209216
11/19/2015,38.849998474121094,35.637899780273436,38.3918572775,32.8839422831
11/20/2015,38.119998931884766,35.62369976043701,38.3573223513,32.8900771696
11/23/2015,37.66999816894531,35.61119976043701,38.3304834418,32.891916079
11/24/2015,37.380001068115234,35.59769973754883,38.3033436122,32.8920558629
11/25/2015,37.9900016784668,35.587299766540525,38.2840594727,32.8905400604
11/27/2015,37.939998626708984,35.60459980010987,38.3111507701,32.8980488302
11/30/2015,37.880001068115234,35.63029979705811,38.3466849252,32.913914669
12/01/2015,38.779998779296875,35.65539981842041,38.3808451299,32.929954507
12/02/2015,38.77000045776367,35.67859981536865,38.42061938,32.9365802507
12/03/2015,38.209999084472656,35.69369983673096,38.4485142859,32.9388853876
12/04/2015,38.72999954223633,35.70159984588623,38.4624795605,32.9407201312
12/07/2015,38.439998626708984,35.716799850463865,38.4900984502,32.9435012508
12/08/2015,38.939998626708984,35.7218998336792,38.4997289621,32.9440707053
12/09/2015,38.099998474121094,35.73109981536865,38.5180334279,32.9441662029
12/10/2015,37.36000061035156,35.724999809265135,38.5060679764,32.9439316421
12/11/2015,37.310001373291016,35.72359981536865,38.5038091977,32.943390433
12/14/2015,38.099998474121094,35.71779983520508,38.4940859152,32.9415137552
12/15/2015,39.02000045776367,35.72629981994629,38.5085587005,32.9440409394
12/16/2015,39.58000183105469,35.7523998260498,38.5531307038,32.9516689483
12/17/2015,39.099998474121094,35.78619983673096,38.6124080587,32.9599916147
12/18/2015,37.83000183105469,35.81069980621338,38.6548523594,32.966547253
12/21/2015,36.2599983215332,35.813999824523925,38.6603011633,32.9676984857
12/22/2015,36.68000030517578,35.805699806213376,38.6494771883,32.9619224241
12/23/2015,35.93000030517578,35.79839981079102,38.6389847394,32.9578148822
12/24/2015,36.09000015258789,35.78359981536865,38.6196012852,32.9475983456
12/28/2015,36.040000915527344,35.77039981842041,38.6018688961,32.9389307407
12/29/2015,36.540000915527344,35.75099983215332,38.5738962731,32.9281033912
12/30/2015,36.119998931884766,35.75219985961914,38.57540593,32.9289937892
12/31/2015,35.540000915527344,35.7464998626709,38.5683818804,32.9246178449
01/04/2016,33.91999816894531,35.72249988555908,38.5358171754,32.9091825957
01/05/2016,33.630001068115234,35.70379985809326,38.522815474,32.8847842422
01/06/2016,33.040000915527344,35.692699851989744,38.5176676708,32.8677320332
01/07/2016,31.049999237060547,35.670899848937985,38.5078174744,32.8339822235
01/08/2016,31.549999237060547,35.63269985198975,38.5056347931,32.7597649109
01/11/2016,32.61000061035156,35.5943998336792,38.4958364021,32.6929632652
01/12/2016,33.5099983215332,35.575199851989744,38.4899386761,32.6604610279
01/13/2016,32.220001220703125,35.56699981689453,38.4863799848,32.647619649
01/14/2016,32.349998474121094,35.567599830627444,38.4862857871,32.6489138741
01/15/2016,31.530000686645508,35.582599811553955,38.4807845628,32.6844150603
01/19/2016,31.170000076293945,35.60609981536865,38.4614851475,32.7507144833
01/20/2016,30.389999389648438,35.61639982223511,38.4538505398,32.7789491046
01/21/2016,29.799999237060547,35.607499809265136,38.4598946636,32.755104955
01/22/2016,30.649999618530273,35.585299797058106,38.4739383479,32.6966612462
01/25/2016,30.079999923706055,35.57099977493286,38.4804204951,32.6615790548
01/26/2016,31.1299991607666,35.55829977035523,38.4888133894,32.6277861513
01/27/2016,29.360000610351562,35.567799758911136,38.4823592854,32.6532402324
01/28/2016,28.5,35.5541997718811,38.4944086564,32.6139908873
01/29/2016,31.059999465942383,35.52939977645874,38.5181449164,32.5406546365
02/01/2016,30.350000381469727,35.532299766540525,38.5165627701,32.548036763
02/02/2016,29.239999771118164,35.51989976882935,38.5230342848,32.5167652528
02/03/2016,29.1200008392334,35.4921997833252,38.5400231034,32.4443764633
02/04/2016,28.950000762939453,35.46929979324341,38.5560631809,32.3825364056
02/05/2016,27.81999969482422,35.44659980773926,38.5726260352,32.3205735803
02/08/2016,26.8799991607666,35.41259981155395,38.6022538289,32.2229457942
02/09/2016,26.450000762939453,35.35359981536865,38.6443685109,32.0628311198
02/10/2016,26.15999984741211,35.279599838256836,38.6845690308,31.8746306458
02/11/2016,26.309999465942383,35.19829982757568,38.7209527327,31.6756469225
02/12/2016,25.989999771118164,35.12029981613159,38.7508885245,31.4897111078
02/16/2016,29.0,35.038299827575685,38.7798796486,31.2967200065
02/17/2016,31.0,34.98859981536865,38.7767586683,31.2004409624
02/18/2016,30.940000534057617,34.97129981994629,38.7736576066,31.1689420332
02/19/2016,30.489999771118164,34.955599842071535,38.7713057974,31.1398938868
02/22/2016,31.399999618530273,34.93599983215332,38.7695182356,31.1024814287
02/23/2016,31.399999618530273,34.93409982681274,38.769322842,31.0988768116
02/24/2016,32.150001525878906,34.92769981384277,38.768277267,31.0871223607
02/25/2016,28.5,34.91129981994629,38.760192999,31.0624066409
02/26/2016,29.299999237060547,34.86329982757568,38.7616019532,30.9649977019
02/29/2016,29.510000228881836,34.81899982452393,38.7549185752,30.8830810739
03/01/2016,30.559999465942383,34.768099842071535,38.7392760853,30.7969235989
03/02/2016,30.260000228881836,34.72219982147217,38.7151631999,30.729236443
03/03/2016,30.90999984741211,34.67429983139038,38.6916994704,30.6569001923
03/04/2016,32.060001373291016,34.63199983596802,38.6665061692,30.5974935027
03/07/2016,31.850000381469727,34.58759984970093,38.6257340116,30.5494656878
03/08/2016,31.25,34.537099838256836,38.5775762645,30.496623412
03/09/2016,32.0,34.4869998550415,38.5368524702,30.4371472399
03/10/2016,32.0099983215332,34.450099868774416,38.5056299473,30.3945697902
03/11/2016,32.47999954223633,34.40639984130859,38.4644425093,30.3483571734
03/14/2016,32.04999923706055,34.363899841308594,38.4196393633,30.3081603193
03/15/2016,31.09000015258789,34.30839984893799,38.3574442841,30.2593554138
03/16/2016,31.639999389648438,34.24749984741211,38.2986937581,30.1963059368
03/17/2016,32.099998474121094,34.195799827575684,38.2469509794,30.1446486757
03/18/2016,31.6299991607666,34.14089981079101,38.182870805,30.0989288166
03/21/2016,32.11000061035156,34.08149980545044,38.1162811029,30.046718508
03/22/2016,30.809999465942383,34.02549982070923,38.0483759237,30.0026237177
03/23/2016,30.170000076293945,33.95379981994629,37.9694448485,29.9381547914
03/24/2016,30.18000030517578,33.873799839019775,37.8843375982,29.8632620798
03/28/2016,30.3799991607666,33.79279985427856,37.7953175344,29.7902821742
03/29/2016,31.1299991607666,33.71269985198975,37.7025446383,29.7228550656
03/30/2016,30.770000457763672,33.63459985733032,37.5977070618,29.6714926529
03/31/2016,31.09000015258789,33.5554998588562,37.4959897452,29.6150099725
04/01/2016,30.969999313354492,33.47929986953736,37.3929621405,29.5656375985
04/04/2016,30.75,33.401099853515625,37.2858865356,29.5163131714
04/05/2016,29.760000228881836,33.31689987182617,37.1668296576,29.4669700861
04/06/2016,30.040000915527344,33.22119985580444,37.0392808216,29.40311889
04/07/2016,29.479999542236328,33.12809988021851,36.9089269323,29.3472728281
04/08/2016,29.84000015258789,33.02889986038208,36.7738339602,29.2839657606
04/11/2016,29.309999465942383,32.94159986495972,36.6579909992,29.2252087307
04/12/2016,29.450000762939453,32.85809986114502,36.5613204922,29.1548792301
04/13/2016,30.959999084472656,32.77189987182617,36.4530579777,29.090741766
04/14/2016,31.290000915527344,32.69569984436035,36.3344644585,29.0569352302
04/15/2016,31.649999618530273,32.62189987182617,36.213278294,29.0305214497
04/18/2016,32.68000030517578,32.549899883270264,36.0874652539,29.0123345126
04/19/2016,32.81999969482422,32.49549989700317,35.9885384912,29.0024613028
04/20/2016,32.939998626708984,32.446999912261965,35.901310994,28.9926888305
04/21/2016,32.630001068115234,32.4025998878479,35.8215732952,28.9836264804
04/22/2016,32.5,32.34899988174438,35.721659474,28.9763402895
04/25/2016,32.54999923706055,32.2945998954773,35.6201838603,28.9690159306
04/26/2016,32.4900016784668,32.241299877166746,35.5193104081,28.9632893462
04/27/2016,32.540000915527344,32.17839990615845,35.39001466,28.9667851523
04/28/2016,32.54999923706055,32.11609991073608,35.2589336022,28.9732662192
04/29/2016,32.0,32.05949991226196,35.1424735851,28.9765262394
05/02/2016,32.75,31.9921999168396,35.0013986685,28.9830011651
05/03/2016,32.79999923706055,31.93529993057251,34.8750347905,28.9955650707
05/04/2016,32.599998474121094,31.873899936676025,34.729611774,29.0181880993
05/05/2016,32.79999923706055,31.818899936676026,34.6063170671,29.0314828063
05/06/2016,32.88999938964844,31.773299922943114,34.5064670399,29.040132806
05/09/2016,32.72999954223633,31.72909990310669,34.4075637156,29.0506360906
05/10/2016,33.189998626708984,31.675399913787842,34.2783634596,29.072436368
05/11/2016,32.86000061035156,31.617099895477295,34.118205421,29.11599437
05/12/2016,32.54999923706055,31.549899883270264,33.9231640822,29.1766356844
05/13/2016,32.15999984741211,31.48439989089966,33.7356339544,29.2331658274
05/16/2016,32.41999816894531,31.427699871063233,33.5879631952,29.267436547
05/17/2016,31.920000076293945,31.389299869537354,33.496809904,29.2817898351
05/18/2016,32.310001373291016,31.341699867248536,33.3818552783,29.3015444562
05/19/2016,32.130001068115234,31.305499877929687,33.2954181504,29.3155816055
05/20/2016,32.75,31.26589988708496,33.1987967196,29.3330030546
05/23/2016,32.150001525878906,31.232999877929686,33.1115932026,29.3544065532
05/24/2016,32.77000045776367,31.189099884033205,32.9929712736,29.3852284944
05/25/2016,32.88999938964844,31.155599899291992,32.8976345009,29.4135652977
05/26/2016,33.08000183105469,31.129099884033202,32.8237485189,29.4344512492
05/27/2016,33.36000061035156,31.120699920654296,32.8035345792,29.4378652621
05/31/2016,33.34000015258789,31.11799991607666,32.7970186626,29.4389811695
06/01/2016,33.40999984741211,31.120999908447267,32.8037140623,29.4382857546
06/02/2016,33.5,31.14459991455078,32.8426325289,29.4465673002
06/03/2016,32.81999969482422,31.164099922180174,32.8778006308,29.4503992136
06/06/2016,32.5,31.1661999130249,32.8817987767,29.4506010493
06/07/2016,31.399999618530273,31.15609992980957,32.8608092213,29.4513906383
06/08/2016,30.270000457763672,31.147899913787843,32.8494411384,29.4463586891
06/09/2016,30.06999969482422,31.12709993362427,32.8265311812,29.4276686861
06/10/2016,29.540000915527344,31.112499923706054,32.8146763904,29.410323457
06/13/2016,29.559999465942383,31.09619993209839,32.8055370851,29.3868627791
06/14/2016,29.75,31.08789993286133,32.8026525504,29.3731473153
06/15/2016,30.110000610351562,31.087399940490723,32.8025352616,29.3722646194
06/16/2016,29.90999984741211,31.081999950408935,32.7993525391,29.3646473617
06/17/2016,29.84000015258789,31.080299949645998,32.7987273778,29.3618725215
06/20/2016,29.989999771118164,31.06739995956421,32.7902421322,29.3445577869
06/21/2016,29.079999923706055,31.073699951171875,32.7914313761,29.3559685263
06/22/2016,29.049999237060547,31.079499950408934,32.7894931351,29.3695067657
06/23/2016,29.920000076293945,31.059399948120117,32.7812761372,29.3375237591
06/24/2016,28.889999389648438,31.05509994506836,32.7792777096,29.3309221806
06/27/2016,27.6299991607666,31.051599941253663,32.7798092548,29.3233906277
06/28/2016,27.690000534057617,31.036699924468994,32.7877705081,29.2856293408
06/29/2016,28.5,31.024099922180177,32.7945660368,29.2536338075
06/30/2016,29.479999542236328,31.030899925231935,32.7903180803,29.2714817701
07/01/2016,29.049999237060547,31.05689992904663,32.7734748306,29.3403250275
07/05/2016,28.579999923706055,31.08289991378784,32.7484312699,29.4173685577
07/06/2016,28.549999237060547,31.10709991455078,32.7175981887,29.4966016404
07/07/2016,28.610000610351562,31.129499912261963,32.6878544428,29.5711453817
07/08/2016,29.020000457763672,31.155699920654296,32.6480526111,29.6633472302
07/11/2016,28.920000076293945,31.155899925231935,32.6479650086,29.6638348418
07/12/2016,29.170000076293945,31.135099925994872,32.6436008397,29.6265990123
07/13/2016,29.31999969482422,31.117399921417235,32.6384184134,29.5963814294
07/14/2016,30.5,31.105699920654295,32.6359713114,29.57542853
07/15/2016,30.540000915527344,31.096699924468993,32.6278603113,29.5655395377
07/18/2016,30.360000610351562,31.088099937438965,32.6199476456,29.5562522292
07/19/2016,30.170000076293945,31.070199928283692,32.5999913936,29.540408463
07/20/2016,30.1200008392334,31.08689992904663,32.5975379923,29.5762618658
07/21/2016,34.470001220703125,31.09509994506836,32.5982229991,29.591976891
07/22/2016,34.18000030517578,31.14469995498657,32.676265471,29.613134439
07/25/2016,33.15999984741211,31.180899963378906,32.7407378475,29.6210620793
07/26/2016,32.41999816894531,31.209899959564208,32.7792759582,29.6405239609
07/27/2016,31.940000534057617,31.22499994277954,32.7986762093,29.6513236763
07/28/2016,32.04999923706055,31.223799934387205,32.7968846544,29.6507152144
07/29/2016,31.59000015258789,31.225799922943114,32.7998063776,29.6517934683
08/01/2016,31.299999237060547,31.229199924468993,32.8036221426,29.6547777064
08/02/2016,32.7599983215332,31.2221999168396,32.7947345329,29.6496653008
08/03/2016,32.599998474121094,31.2296999168396,32.8077527818,29.6516470519
08/04/2016,32.220001220703125,31.23089990615845,32.8099483837,29.6518514286
08/05/2016,32.31999969482422,31.232599925994872,32.8126205529,29.6525792991
08/08/2016,32.0099983215332,31.244899921417236,32.8285460079,29.661253835
08/09/2016,31.84000015258789,31.248599910736083,32.8335964271,29.6636033944
08/10/2016,31.520000457763672,31.245999927520753,32.8298105047,29.6621893504
08/11/2016,31.579999923706055,31.244899940490722,32.8284816224,29.6613182586
08/12/2016,31.899999618530273,31.239599933624266,32.8211630153,29.6580368519
08/15/2016,31.5,31.250499935150145,32.832820599,29.6681792713
08/16/2016,31.209999084472656,31.263799934387208,32.8425682824,29.6850315864
08/17/2016,30.579999923706055,31.274099922180177,32.8491193302,29.6990805141
08/18/2016,30.25,31.276099929809572,32.8501093714,29.7020904883
08/19/2016,30.040000915527344,31.267299938201905,32.8445582045,29.6900416719
08/22/2016,29.530000686645508,31.25999994277954,32.8412272856,29.6787725999
08/23/2016,29.989999771118164,31.24439994812012,32.8348956334,29.6539042628
08/24/2016,30.739999771118164,31.234599952697753,32.8297685099,29.6394313955
08/25/2016,30.59000015258789,31.234499950408935,32.8296991976,29.6393007032
08/26/2016,30.40999984741211,31.242799949645995,32.8324552751,29.6531446241
08/29/2016,30.56999969482422,31.246499938964845,32.8337802132,29.6592196648
08/30/2016,30.75,31.25739994049072,32.8362321508,29.6785677302
08/31/2016,30.489999771118164,31.266499938964845,32.8397490177,29.6932508603
09/01/2016,30.709999084472656,31.278299942016602,32.8412215676,29.7153783165
09/02/2016,31.209999084472656,31.290899925231933,32.8440799302,29.7377199203
09/06/2016,30.1299991607666,31.293399925231935,32.8462464642,29.7405533863
09/07/2016,30.139999389648438,31.281799907684327,32.8389552342,29.7246445811
09/08/2016,29.5,31.26669990539551,32.8275285555,29.7058712553
09/09/2016,29.020000457763672,31.23489990234375,32.7990012226,29.6707985821
09/12/2016,29.600000381469727,31.196899909973144,32.7681736998,29.6256261201
09/13/2016,29.049999237060547,31.163499927520753,32.7328637201,29.5941361349
09/14/2016,28.729999542236328,31.127699909210204,32.7040195684,29.55138025
09/15/2016,29.639999389648438,31.089999904632567,32.6780867954,29.5019130138
09/16/2016,29.190000534057617,31.060899906158447,32.6486285345,29.4731712778
09/19/2016,29.40999984741211,31.027899894714356,32.619871164,29.4359286254
09/20/2016,29.09000015258789,30.996599884033202,32.5893033537,29.4038964144
09/21/2016,29.469999313354492,30.961999893188477,32.5581602588,29.3658395276
09/22/2016,29.3799991607666,30.93669988632202,32.536254211,29.3371455617
09/23/2016,29.799999237060547,30.902999877929688,32.4994932056,29.3065065502
09/26/2016,29.399999618530273,30.872999877929686,32.4617323865,29.2842673693
09/27/2016,29.579999923706055,30.84099988937378,32.4268495168,29.255150262
09/28/2016,29.399999618530273,30.808799896240235,32.3872189236,29.2303808689
09/29/2016,28.780000686645508,30.773899898529052,32.3444800095,29.2033197876
09/30/2016,28.969999313354492,30.734399909973146,32.3049586381,29.1638411819
10/03/2016,28.209999084472656,30.6921999168396,32.252874554,29.1315252797
10/04/2016,29.260000228881836,30.645699901580812,32.2103604663,29.0810393368
10/05/2016,29.40999984741211,30.612799911499025,32.171651524,29.053948299
10/06/2016,29.239999771118164,30.585299911499025,32.1408676867,29.0297321363
10/07/2016,29.030000686645508,30.55349992752075,32.1037312045,29.0032686506
10/10/2016,29.079999923706055,30.524599933624266,32.0760247868,28.9731750804
10/11/2016,28.280000686645508,30.492299919128417,32.0398359908,28.9447638475
10/12/2016,27.950000762939453,30.45379991531372,32.0079902741,28.8996095566
10/13/2016,28.6200008392334,30.405799922943114,31.962452879,28.8491469669
10/14/2016,30.170000076293945,30.37049991607666,31.927224274,28.8137755582
10/17/2016,29.719999313354492,30.344499912261963,31.8825313488,28.8064684758
10/18/2016,30.139999389648438,30.312799911499024,31.8305746457,28.7950251773
10/19/2016,30.440000534057617,30.28339988708496,31.775546099,28.7912536751
10/20/2016,31.729999542236328,30.25419988632202,31.7140759753,28.7943237973
10/21/2016,31.219999313354492,30.238099880218506,31.6725116755,28.8036880849
10/24/2016,31.010000228881836,30.21619987487793,31.6183729595,28.8140267903
10/25/2016,30.780000686645508,30.19129987716675,31.5565606972,28.8260390571
10/26/2016,30.8799991607666,30.17089988708496,31.5117526032,28.830047171
10/27/2016,30.399999618530273,30.154699878692625,31.476972434,28.8324273234
10/28/2016,30.34000015258789,30.144699878692627,31.4612858864,28.828113871
10/31/2016,30.25,30.14539987564087,31.4620709224,28.8287288289
11/01/2016,29.75,30.14719987869263,31.4638896543,28.8305101031
11/02/2016,29.850000381469727,30.149299869537355,31.465186767,28.8334129721
11/03/2016,30.149999618530273,30.152199878692628,31.4671040459,28.8372957115
11/04/2016,31.049999237060547,30.15619987487793,31.4704827097,28.84191704
11/07/2016,31.5,30.16559986114502,31.4828767643,28.848322958
11/08/2016,31.450000762939453,30.181499862670897,31.5051760138,28.8578237115
11/09/2016,32.150001525878906,30.197599868774414,31.5268041675,28.86839557
11/10/2016,32.400001525878906,30.21919988632202,31.5623325124,28.8760672602
11/11/2016,32.54999923706055,30.25239990234375,31.6079382466,28.8968615581
11/14/2016,32.75,30.28739990234375,31.6565569993,28.9182428054
11/15/2016,33.0,30.31569990158081,31.7060539688,28.9253458344
11/16/2016,33.70000076293945,30.356799907684326,31.7650341469,28.9485656685
11/17/2016,34.29999923706055,30.417499923706053,31.8376600122,28.9973398352
11/18/2016,34.5,30.483599910736086,31.9288787588,29.0383210627
11/21/2016,34.79999923706055,30.543599910736084,32.0292643948,29.0579354266
11/22/2016,34.150001525878906,30.596799907684325,32.1376521441,29.0559476713
11/23/2016,34.099998474121094,30.64779993057251,32.2206798072,29.0749200539
11/25/2016,34.5,30.70299991607666,32.2990333891,29.106966443
11/28/2016,32.04999923706055,30.762499923706056,32.3878000724,29.137199775
11/29/2016,31.549999237060547,30.796899909973146,32.4126539835,29.1811458364
11/30/2016,31.950000762939453,30.82219989776611,32.4297194174,29.2146803781
12/01/2016,31.049999237060547,30.85249990463257,32.4524175969,29.2525822124
12/02/2016,31.049999237060547,30.871299896240235,32.4623577787,29.2802420137
12/05/2016,31.149999618530273,30.888599891662597,32.4720833639,29.3051164194
12/06/2016,31.25,30.895099887847902,32.4783089254,29.3118908503
12/07/2016,32.04999923706055,30.902199878692628,32.4853925501,29.3190072073
12/08/2016,32.45000076293945,30.919099864959716,32.5054315006,29.3327682293
12/09/2016,32.54999923706055,30.941899871826173,32.5336766428,29.3501231008
12/12/2016,32.099998474121094,30.966199855804444,32.563781608,29.3686181036
12/13/2016,31.799999237060547,30.942499828338622,32.5051240687,29.3798755879
12/14/2016,31.600000381469727,30.91869981765747,32.4496364705,29.3877631648
12/15/2016,31.350000381469727,30.903099822998048,32.4189926694,29.3872069766
12/16/2016,30.899999618530273,30.89239984512329,32.4013080687,29.3834916215
12/19/2016,31.149999618530273,30.881999835968017,32.3872313041,29.3767683678
12/20/2016,31.100000381469727,30.872999839782715,32.3739051618,29.3720945178
12/21/2016,31.200000762939453,30.868099842071533,32.3674554282,29.368744256
12/22/2016,30.75,30.867099857330324,32.3662003826,29.367999332
12/23/2016,31.100000381469727,30.84699987411499,32.3340119297,29.3599878185
12/27/2016,31.799999237060547,30.831999893188478,32.3087835285,29.3552162578
12/28/2016,31.049999237060547,30.82779987335205,32.3012234431,29.3543763036
12/29/2016,31.549999237060547,30.815099868774414,32.2810612763,29.3491384613
12/30/2016,31.399999618530273,30.810499877929686,32.2734231965,29.3475765593
01/03/2017,31.899999618530273,30.80609987258911,32.2665798168,29.3456199284
01/04/2017,31.950000762939453,30.809899864196776,32.2727248207,29.3470749077
01/05/2017,32.04999923706055,30.813599872589112,32.2788339573,29.3483657879
01/06/2017,32.04999923706055,30.815099868774414,32.2815216576,29.3486780799
01/09/2017,32.04999923706055,30.82059986114502,32.2906071725,29.3505925498
01/10/2017,32.150001525878906,30.828999862670898,32.3036011126,29.3543986128
01/11/2017,33.0,30.844699878692627,32.324913647,29.3644861104
01/12/2017,32.849998474121094,30.872199878692626,32.366587063,29.3778126944
01/13/2017,33.0,30.900299854278565,32.4051569138,29.3954427947
01/17/2017,31.700000762939453,30.934999847412108,32.4478451432,29.4221545516
01/18/2017,31.450000762939453,30.95209985733032,32.463830816,29.4403688987
01/19/2017,31.649999618530273,30.959199867248536,32.4715851587,29.4468145758
01/20/2017,31.950000762939453,30.96979986190796,32.4832746283,29.4563250955
01/23/2017,31.850000381469727,30.985199871063234,32.5007337327,29.4696660094
01/24/2017,32.5,30.997999877929686,32.5153771985,29.4806225574
01/25/2017,33.150001525878906,31.015499877929688,32.539990838,29.4910089179
01/26/2017,33.25,31.042099895477296,32.5803341415,29.5038656495
01/27/2017,33.04999923706055,31.06749990463257,32.6209363386,29.5140634707
01/30/2017,32.45000076293945,31.085899906158446,32.651762662,29.5200371503
01/31/2017,32.599998474121094,31.109099922180175,32.6778121898,29.5403876546
02/01/2017,31.600000381469727,31.133699913024902,32.7063057904,29.5610940357
02/02/2017,31.649999618530273,31.1546999168396,32.719350949,29.5900488847
02/03/2017,31.799999237060547,31.180999908447266,32.7315884945,29.6304113224
02/06/2017,31.600000381469727,31.202999897003174,32.7465921263,29.6594076677
02/07/2017,32.150001525878906,31.228499908447265,32.7573062059,29.699693611
02/08/2017,32.79999923706055,31.26269992828369,32.773377149,29.7520227076
02/09/2017,32.900001525878906,31.294299926757812,32.8037529491,29.7848469044
02/10/2017,32.70000076293945,31.331399936676025,32.83425523,29.8285446433
02/13/2017,33.29999923706055,31.3642999458313,32.8607305394,29.8678693523
02/14/2017,32.79999923706055,31.406399936676024,32.8974656744,29.915334199
02/15/2017,33.0,31.439699935913087,32.9243186952,29.9550811766
02/16/2017,31.299999237060547,31.47589994430542,32.9539744045,29.9978254841
02/17/2017,31.450000762939453,31.49089994430542,32.9594713892,30.0223284994
02/21/2017,30.899999618530273,31.51139995574951,32.9648716355,30.057928276
02/22/2017,30.75,31.524599952697756,32.9664185012,30.0827814041
02/23/2017,31.149999618530273,31.53809995651245,32.9662173403,30.1099825727
02/24/2017,32.75,31.5617999458313,32.9633678804,30.1602320112
02/27/2017,32.349998474121094,31.599599952697755,32.9815940639,30.2176058415
02/28/2017,32.349998474121094,31.64099994659424,32.9822422076,30.2997576856
03/01/2017,32.650001525878906,31.67189992904663,32.9933806086,30.3504192495
03/02/2017,32.599998474121094,31.7042999458313,33.0095456441,30.3990542476
03/03/2017,32.5,31.73789993286133,33.0223579426,30.4534419231
03/06/2017,32.29999923706055,31.77259992599487,33.0300215224,30.5151783296
03/07/2017,32.45000076293945,31.804799919128417,33.0337640293,30.5758358089
03/08/2017,32.45000076293945,31.846499919891357,33.0248609168,30.668138923
03/09/2017,32.849998474121094,31.89149991989136,33.004300313,30.7786995268
03/10/2017,33.150001525878906,31.933799896240235,33.0008966863,30.8667031062
03/13/2017,33.25,31.963599910736082,33.0226037278,30.9045960937
03/14/2017,33.099998474121094,31.99889991760254,33.0412308677,30.9565689675
03/15/2017,32.900001525878906,32.028499908447266,33.0595899717,30.9974098452
03/16/2017,32.79999923706055,32.053099918365476,33.0753050867,31.03089475
03/17/2017,33.650001525878906,32.06379991531372,33.0881648716,31.039434959
03/20/2017,34.25,32.08809993743896,33.1209471834,31.0552526915
03/21/2017,33.150001525878906,32.12049993515015,33.1697085906,31.0712912797
03/22/2017,33.29999923706055,32.14419994354248,33.1896216121,31.0987782749
03/23/2017,33.900001525878906,32.16839994430542,33.2122857182,31.1245141704
03/24/2017,33.95000076293945,32.20339996337891,33.2460813869,31.1607185399
03/27/2017,34.099998474121094,32.239499969482424,33.2795311688,31.1994687702
03/28/2017,34.0,32.27799995422363,33.3149262256,31.2410736829
03/29/2017,33.79999923706055,32.320499954223635,33.3398894019,31.3011105065
03/30/2017,34.04999923706055,32.35999994277954,33.3592246907,31.3607751948
03/31/2017,34.0,32.39899993896484,33.3872555026,31.4107443754
04/03/2017,33.599998474121094,32.428499946594236,33.4200708173,31.4369290759
04/04/2017,33.54999923706055,32.44949993133545,33.4434188207,31.4555810419
04/05/2017,32.849998474121094,32.47049991607666,33.4652635868,31.4757362453
04/06/2017,32.599998474121094,32.477499885559084,33.4724464974,31.4825532737
04/07/2017,31.950000762939453,32.4794998550415,33.474489684,31.4845100261
04/10/2017,32.04999923706055,32.473499870300294,33.4698546019,31.4771451387
04/11/2017,32.25,32.4664998626709,33.4633462679,31.4696534574
04/12/2017,31.649999618530273,32.4589998626709,33.4546247939,31.4633749315
04/13/2017,31.899999618530273,32.43849985122681,33.4294553168,31.4475443857
04/17/2017,32.650001525878906,32.414499855041505,33.3890073,31.4399924101
04/18/2017,32.20000076293945,32.395999870300294,33.3480418928,31.4439578478
04/19/2017,32.20000076293945,32.36999988555908,33.2910319374,31.4489678338
04/20/2017,32.099998474121094,32.350499877929686,33.2541174568,31.4468822991
04/21/2017,31.899999618530273,32.33049987792969,33.2171479394,31.4438518165
04/24/2017,31.149999618530273,32.30449987411499,33.1648804769,31.4441192713
04/25/2017,31.149999618530273,32.295499877929686,33.1631719268,31.4278278291
04/26/2017,31.200000762939453,32.291499881744386,33.1635106505,31.419489113
04/27/2017,30.75,32.283999881744386,33.1621194736,31.4058802899
04/28/2017,30.5,32.28099988937378,33.1638299965,31.3981697822
05/01/2017,30.799999237060547,32.27549989700317,33.1676460331,31.3833537609
05/02/2017,30.950000762939453,32.27199989318848,33.169226727,31.3747730594
05/03/2017,30.850000381469727,32.268999900817875,33.1701319503,31.3678678513
05/04/2017,30.450000762939453,32.25699991226196,33.1688940697,31.3451057549
05/05/2017,30.649999618530273,32.236999912261965,33.1662097488,31.3077900757
05/08/2017,30.399999618530273,32.21799991607666,33.1599531707,31.2760466614
05/09/2017,30.5,32.200999927520755,33.1601135505,31.2418863045
05/10/2017,30.350000381469727,32.187999935150145,33.1611679237,31.2148319466
05/11/2017,29.850000381469727,32.17549993515015,33.1640466831,31.1869531872
05/12/2017,29.100000381469727,32.16049993515015,33.1725595477,31.1484403226
05/15/2017,27.899999618530273,32.142499942779544,33.1921277932,31.0928720923
05/16/2017,27.600000381469727,32.10999994277954,33.2372975501,30.9827023355
05/17/2017,27.100000381469727,32.07499994277954,33.2844522423,30.8655476433
05/18/2017,27.100000381469727,32.03399993896485,33.338202314,30.7297975639
05/19/2017,27.100000381469727,31.99749994277954,33.385508784,30.6094911015
05/22/2017,27.0,31.957499942779542,33.4260940011,30.4889058844
05/23/2017,26.5,31.909499950408936,33.4586882866,30.3603116142
05/24/2017,25.600000381469727,31.86399995803833,33.5020334541,30.225966462
05/25/2017,25.799999237060547,31.80449996948242,33.5569281215,30.0520718175
05/26/2017,27.0,31.748499965667726,33.5996543387,29.8973455927
05/30/2017,25.649999618530273,31.69949996948242,33.6098990144,29.7891009246
05/31/2017,25.049999237060547,31.63649995803833,33.6392462095,29.6337537066
06/01/2017,26.0,31.56649995803833,33.6732041729,29.4597957432
06/02/2017,26.399999618530273,31.505999965667726,33.6836280106,29.3283719208
06/05/2017,25.850000381469727,31.44949996948242,33.6848130786,29.2141868604
06/06/2017,25.149999618530273,31.38649995803833,33.6889535681,29.084046348
06/07/2017,24.25,31.307999954223632,33.6866625862,28.9293373222
06/08/2017,24.149999618530273,31.22199996948242,33.6968769278,28.7471230112
06/09/2017,24.100000381469727,31.133499965667724,33.6997623756,28.5672375558
06/12/2017,24.0,31.057499961853026,33.7167138849,28.3982860388
06/13/2017,25.25,30.982999954223633,33.7329837588,28.2330161496
06/14/2017,25.100000381469727,30.91899995803833,33.7265859185,28.1114139976
06/15/2017,25.0,30.850499954223633,33.7150810072,27.9859189013
06/16/2017,25.200000762939453,30.781999950408935,33.7032027582,27.8607971426
06/19/2017,25.049999237060547,30.70899995803833,33.677192801,27.740807115
06/20/2017,24.5,30.627999935150147,33.6386918414,27.6173080289
06/21/2017,24.200000762939453,30.540499935150148,33.6004647214,27.4805351489
06/22/2017,23.049999237060547,30.451999950408936,33.5656145181,27.3383853827
06/23/2017,23.299999237060547,30.357999935150147,33.5507629621,27.1652369082
06/26/2017,23.450000762939453,30.26499994277954,33.5258242115,27.004175674
06/27/2017,23.149999618530273,30.18349994659424,33.5111045714,26.8558953218
06/28/2017,23.200000762939453,30.098499946594238,33.495398914,26.7016009792
06/29/2017,23.100000381469727,30.012499961853027,33.4734923786,26.5515075451
06/30/2017,22.0,29.927499961853027,33.4522507952,26.4027491285
07/03/2017,22.299999237060547,29.825999946594237,33.4305281555,26.2214717377
07/05/2017,21.649999618530273,29.720999946594237,33.389727077,26.0522728161
07/06/2017,21.149999618530273,29.608499927520754,33.3497901403,25.8672097148
07/07/2017,21.549999237060547,29.49299991607666,33.3144918635,25.6715079687
07/10/2017,22.0,29.37549991607666,33.2582791544,25.4927206778
07/11/2017,22.350000381469727,29.267499923706055,33.2033630628,25.3316367847
07/12/2017,21.200000762939453,29.160999927520752,33.1382953441,25.1837045109
07/13/2017,21.75,29.05999994277954,33.1092837968,25.0107160887
07/14/2017,21.5,28.962999935150147,33.0696446339,24.8563552364
07/17/2017,20.299999237060547,28.868999938964844,33.0373495746,24.7006503033
07/18/2017,20.5,28.76449993133545,33.0145722309,24.5144276318
07/19/2017,20.649999618530273,28.657999935150148,32.9797919021,24.3362079682
07/20/2017,21.200000762939453,28.536999931335448,32.9115948669,24.1624049958
07/21/2017,21.25,28.425499954223632,32.8433698702,24.0076300383
07/24/2017,21.5,28.314499969482423,32.7716419582,23.8573579808
07/25/2017,21.700000762939453,28.202999954223632,32.6896569296,23.7163429788
07/26/2017,21.850000381469727,28.093999977111817,32.6048495473,23.5831504069
07/27/2017,21.100000381469727,27.987499980926515,32.5187435788,23.4562563831
07/28/2017,21.950000762939453,27.875499992370607,32.4370813579,23.3139186268
07/31/2017,21.399999618530273,27.770499992370606,32.3463992912,23.1946006936
08/01/2017,22.049999237060547,27.659999980926514,32.2549428115,23.0650571504
08/02/2017,20.299999237060547,27.55199998855591,32.1506080233,22.9533919538
08/03/2017,20.299999237060547,27.423499965667723,32.043372533,22.8036273983
08/04/2017,20.450000762939453,27.29399995803833,31.9302068005,22.6577931156
08/07/2017,20.450000762939453,27.167499980926515,31.8161254449,22.518874517
08/08/2017,20.649999618530273,27.042999973297118,31.7031341634,22.3828657832
08/09/2017,19.850000381469727,26.921499977111818,31.5883364378,22.2546635164
08/10/2017,19.600000381469727,26.783499965667726,31.4533663751,22.1136335562
08/11/2017,19.0,26.63699996948242,31.3001245087,21.9738754302
08/14/2017,18.850000381469727,26.495499954223632,31.1735074368,21.8174924717
08/15/2017,18.549999237060547,26.350999965667725,31.0397522829,21.6622476484
08/16/2017,18.399999618530273,26.19749994277954,30.8878643117,21.5071355738
08/17/2017,18.75,26.04199993133545,30.7305322266,21.3534676361
08/18/2017,18.25,25.888499946594237,30.561956062,21.2150438312
08/21/2017,18.049999237060547,25.73099994659424,30.3938197261,21.0681801671
08/22/2017,18.049999237060547,25.57349994659424,30.2270977235,20.9199021697
08/23/2017,17.700000762939453,25.41349994659424,30.0479246678,20.7790752254
08/24/2017,18.350000381469727,25.25049995422363,29.8666698345,20.6343300739
08/25/2017,18.799999237060547,25.09799997329712,29.6876400254,20.5083599212
08/28/2017,18.799999237060547,24.95049997329712,29.5030074994,20.3979924472
08/29/2017,18.25,24.809999980926513,29.3332565904,20.2867433715
08/30/2017,18.5,24.6664999961853,29.1679168111,20.1650831813
08/31/2017,18.649999618530273,24.53199998855591,29.014680713,20.0493192641
09/01/2017,19.549999237060547,24.397999992370604,28.854147054,19.9418529308
09/05/2017,19.5,24.27099998474121,28.6823047469,19.8596952226
09/06/2017,19.75,24.14949998855591,28.5230540934,19.7759458837
09/07/2017,19.100000381469727,24.027999992370606,28.353051069,19.7029489157
09/08/2017,19.049999237060547,23.892499980926512,28.1571417314,19.6278582305
09/11/2017,19.899999618530273,23.760999965667725,27.9698275278,19.5521724035
09/12/2017,20.100000381469727,23.637999954223634,27.7775659142,19.4984339942
09/13/2017,20.75,23.51799997329712,27.5837995948,19.4522003518
09/14/2017,21.0,23.406499977111817,27.3930189312,19.4199810231
09/15/2017,22.049999237060547,23.304999980926514,27.2216727623,19.3883271996
09/18/2017,22.149999618530273,23.213999977111815,27.0522749478,19.3757250064
09/19/2017,22.0,23.123499965667726,26.8781934793,19.3688064521
09/20/2017,22.899999618530273,23.035999965667724,26.7130986351,19.3589012962
09/21/2017,22.899999618530273,22.95999996185303,26.559770874,19.3602290497
09/22/2017,23.100000381469727,22.880999965667726,26.3934762624,19.368523669
09/25/2017,23.149999618530273,22.802499961853027,26.2202067014,19.3847932223
09/26/2017,22.899999618530273,22.725499954223633,26.0463997248,19.4046001836
09/27/2017,23.200000762939453,22.64999994277954,25.8789781726,19.421021713
09/28/2017,23.100000381469727,22.575499954223634,25.7034026415,19.4475972669
09/29/2017,22.649999618530273,22.502499961853026,25.530530556,19.4744693677
10/02/2017,22.649999618530273,22.42399995803833,25.3434904139,19.5045095022
10/03/2017,23.100000381469727,22.346999950408936,25.1558772086,19.5381226922
10/04/2017,22.700000762939453,22.279499950408937,24.9865195557,19.5724803451
10/05/2017,22.75,22.21549995422363,24.8347431831,19.5962567253
10/06/2017,22.5,22.163999958038332,24.7208543499,19.6071455662
10/09/2017,21.700000762939453,22.112999954223632,24.6111055034,19.614894405
10/10/2017,21.75,22.05899995803833,24.5065741216,19.6114257945
10/11/2017,21.450000762939453,22.005499954223634,24.4002013955,19.610798513
10/12/2017,21.200000762939453,21.94899995803833,24.2888608921,19.609139024
10/13/2017,21.149999618530273,21.890999965667724,24.1761846793,19.6058152521
10/16/2017,21.149999618530273,21.837499961853027,24.0763096739,19.5986902498
10/17/2017,20.5,21.79299995422363,24.0005893973,19.5854105111
10/18/2017,21.049999237060547,21.739999961853027,23.9141205212,19.5658794026
10/19/2017,20.899999618530273,21.680499954223635,23.7903210276,19.5706788809
10/20/2017,21.299999237060547,21.63299995422363,23.7060680292,19.5599318793
10/23/2017,20.950000762939453,21.595499954223634,23.640140521,19.5508593875
10/24/2017,21.200000762939453,21.544999961853026,23.5420415947,19.547958329
10/25/2017,21.0,21.49299997329712,23.4297372586,19.556262688
10/26/2017,23.399999618530273,21.444499969482422,23.3316128506,19.5573870883
10/27/2017,24.899999618530273,21.426999969482424,23.2875969942,19.5664029447
10/30/2017,24.149999618530273,21.433499965667725,23.3050509301,19.5619490012
10/31/2017,24.25,21.433499965667725,23.3050509301,19.5619490012
11/01/2017,24.149999618530273,21.434999961853027,23.308746274,19.5612536497
11/02/2017,24.100000381469727,21.43649995803833,23.3123578875,19.5606420285
11/03/2017,24.100000381469727,21.42499996185303,23.2808623601,19.5691375636
11/06/2017,24.350000381469727,21.414999961853027,23.253647626,19.5763522978
11/07/2017,24.299999237060547,21.408499965667726,23.2355749517,19.5814249796
11/08/2017,24.149999618530273,21.399499950408934,23.210017805,19.5889820958
11/09/2017,23.350000381469727,21.390499954223632,23.1850151912,19.5959847173
11/10/2017,23.549999237060547,21.37899995803833,23.1571617054,19.6008382107
11/13/2017,23.100000381469727,21.37249994277954,23.141502168,19.6034977176
11/14/2017,23.850000381469727,21.372999954223634,23.1424832578,19.6035166507
11/15/2017,24.100000381469727,21.378499965667725,23.1548059529,19.6021939784
11/16/2017,24.5,21.384999961853026,23.1700420342,19.5999578896
11/17/2017,24.700000762939453,21.398499965667725,23.2018504486,19.5951494827
11/20/2017,24.549999237060547,21.413499965667725,23.2378883531,19.5891115782
11/21/2017,24.950000762939453,21.427999954223633,23.2713979522,19.5846019563
11/22/2017,24.649999618530273,21.457499961853028,23.3331382492,19.5818616746
11/24/2017,24.75,21.480999965667724,23.3816022978,19.5803976335
11/27/2017,25.0,21.51199996948242,23.4401872602,19.5838126788
11/28/2017,26.399999618530273,21.550499973297118,23.5092687134,19.5917312331
11/29/2017,26.049999237060547,21.598999977111816,23.6163247384,19.5816752158
11/30/2017,25.399999618530273,21.639499969482422,23.7045580503,19.5744418887
12/01/2017,24.549999237060547,21.669999961853026,23.7675938442,19.5724060795
12/04/2017,24.549999237060547,21.70349994659424,23.819985905,19.5870139882
12/05/2017,24.25,21.731499938964845,23.866853018,19.5961468599
12/06/2017,23.899999618530273,21.758999938964845,23.9088531957,19.6091466822
12/07/2017,23.75,21.79499994277954,23.950255146,19.6397447396
12/08/2017,23.75,21.82749994277954,23.9874811336,19.6675187519
12/11/2017,24.899999618530273,21.85849994659424,24.0235987293,19.6934011638
12/12/2017,25.200000762939453,21.895499935150145,24.0805525045,19.7104473658
12/13/2017,24.350000381469727,21.93499994277954,24.1436024502,19.7263974354
12/14/2017,24.700000762939453,21.96349994659424,24.1846579345,19.7423419587
12/15/2017,25.0,21.993499946594238,24.2310952755,19.7559046176
12/18/2017,24.649999618530273,22.02499994277954,24.2824376741,19.7675622115
12/19/2017,24.799999237060547,22.060499935150148,24.3309877357,19.7900121346
12/20/2017,24.600000381469727,22.088999919891357,24.3757506861,19.8022491537
12/21/2017,24.75,22.120999927520753,24.4202409078,19.8217589472
12/22/2017,23.799999237060547,22.147999935150146,24.4620539725,19.8339458978
12/26/2017,23.100000381469727,22.182999935150146,24.4953063679,19.8706935024
12/27/2017,23.149999618530273,22.21099994659424,24.5172802895,19.9047196037
12/28/2017,23.299999237060547,22.237999935150146,24.5393052264,19.9366946439
12/29/2017,23.149999618530273,22.26649991989136,24.5631284944,19.9698713454
01/02/2018,23.200000762939453,22.291499919891358,24.5839991661,19.9990006736
01/03/2018,23.049999237060547,22.324999923706056,24.6060249305,20.0439749169
01/04/2018,22.549999237060547,22.359499912261963,24.625086999,20.0939128256
01/05/2018,21.850000381469727,22.39499990463257,24.6353403032,20.1546595061
01/08/2018,20.799999237060547,22.424999904632568,24.6375832657,20.2124165435
01/09/2018,20.450000762939453,22.44749990463257,24.6318233353,20.2631764739
01/10/2018,20.450000762939453,22.46799991607666,24.6236729066,20.3123269256
01/11/2018,20.200000762939453,22.484999923706056,24.6178677147,20.3521321327
01/12/2018,20.700000762939453,22.50449993133545,24.6072611473,20.4017387153
01/16/2018,20.700000762939453,22.53099994659424,24.5937745074,20.4682253857
01/17/2018,20.450000762939453,22.557499961853026,24.5791499178,20.5358500059
01/18/2018,21.0,22.58499996185303,24.5585183526,20.6114815711
01/19/2018,20.25,22.61149995803833,24.5453672294,20.6776326867
01/22/2018,20.100000381469727,22.625999965667724,24.536529687,20.7154702444
01/23/2018,20.149999618530273,22.638999977111816,24.5277505533,20.7502494009
01/24/2018,19.899999618530273,22.65799997329712,24.511735596,20.8042643506
01/25/2018,19.5,22.67199996948242,24.4993794541,20.8446204849
01/26/2018,19.25,22.68049997329712,24.4910508565,20.8699490901
01/29/2018,19.549999237060547,22.677499980926513,24.4934758763,20.8615240855
01/30/2018,19.25,22.67799997329712,24.4931076149,20.8628923317
01/31/2018,19.850000381469727,22.67299997329712,24.496834053,20.8491658936
02/01/2018,20.100000381469727,22.68049997329712,24.4911198965,20.8698800501
02/02/2018,20.299999237060547,22.69099998474121,24.4834895054,20.8985104641
02/05/2018,19.799999237060547,22.694999980926514,24.4816937703,20.9083061916
02/06/2018,19.600000381469727,22.69199996948242,24.4832944067,20.9007055323
02/07/2018,20.450000762939453,22.68049997329712,24.4878445687,20.8731553779
02/08/2018,19.950000762939453,22.674999980926515,24.4882773183,20.8617226435
02/09/2018,20.149999618530273,22.653999996185302,24.4864529017,20.8215470907
02/12/2018,20.799999237060547,22.633999996185302,24.4826870076,20.7853129848
02/13/2018,21.049999237060547,22.62199998855591,24.4786409592,20.7653590179
02/14/2018,21.799999237060547,22.603499984741212,24.4664848127,20.7405151567
02/15/2018,22.899999618530273,22.592499980926515,24.4569485545,20.7280514074
02/16/2018,22.600000381469727,22.59049997329712,24.4545102944,20.7264896522
02/20/2018,23.25,22.584999980926515,24.4481625426,20.7218374192
02/21/2018,22.950000762939453,22.588499984741212,24.452579512,20.7244204575
02/22/2018,23.049999237060547,22.58599998474121,24.4494252529,20.7225747166
02/23/2018,23.200000762939453,22.585499973297118,24.4487939568,20.7222059898
02/26/2018,23.649999618530273,22.59099998474121,24.4552877117,20.7267122578
02/27/2018,23.25,22.60099998474121,24.4682569894,20.7337429801
02/28/2018,21.100000381469727,22.602499980926513,24.4702174295,20.7347825323
03/01/2018,20.0,22.586499977111817,24.4601574843,20.71284247
03/02/2018,20.950000762939453,22.558999977111817,24.4501553655,20.6678445888
03/05/2018,20.600000381469727,22.54349998474121,24.4414152694,20.6455847001
03/06/2018,20.700000762939453,22.532499980926513,24.4384429039,20.626557058
03/07/2018,20.850000381469727,22.52199998855591,24.4351036573,20.6088963198
03/08/2018,20.350000381469727,22.51599998474121,24.4333923939,20.5986075756
03/09/2018,20.649999618530273,22.507499980926514,24.4325761882,20.5824237736
03/12/2018,20.899999618530273,22.502499980926515,24.4317403515,20.5732596103
03/13/2018,20.649999618530273,22.499999980926514,24.4311523984,20.5688475635
03/14/2018,21.149999618530273,22.501499977111816,24.4311560147,20.5718439395
03/15/2018,21.149999618530273,22.502499980926515,24.4314293243,20.5735706376
03/16/2018,20.75,22.504999980926513,24.4320118283,20.5779881336
03/19/2018,20.149999618530273,22.499499988555907,24.4307235363,20.5682764408
03/20/2018,20.0,22.491499977111815,24.4307659291,20.5522340251
03/21/2018,19.899999618530273,22.479499969482422,24.4303983399,20.5286015991
03/22/2018,19.25,22.468499965667725,24.4307773341,20.5062225973
03/23/2018,19.0,22.426999969482424,24.4128803096,20.4411196294
03/26/2018,19.450000762939453,22.36799997329712,24.3671312198,20.3688687268
03/27/2018,19.75,22.32099998474121,24.332891808,20.3091081615
03/28/2018,19.549999237060547,22.275999984741212,24.2945573179,20.2574426516
03/29/2018,19.200000762939453,22.229999980926515,24.257720317,20.2022796449
04/02/2018,19.75,22.18099998474121,24.2220998596,20.1399001099
04/03/2018,21.299999237060547,22.137499980926513,24.1835861064,20.0914138554
04/04/2018,21.600000381469727,22.106999969482423,24.1425835902,20.0714163488
04/05/2018,21.899999618530273,22.079999980926512,24.1041911047,20.0558088572
04/06/2018,22.100000381469727,22.057499980926515,24.0710338078,20.0439661541
04/09/2018,21.399999618530273,22.044999980926512,24.054346818,20.0356531438
04/10/2018,21.5,22.02349998474121,24.0281252587,20.0188747108
04/11/2018,21.700000762939453,22.007499980926514,24.0098532165,20.0051467453
04/12/2018,21.600000381469727,21.985999984741213,23.9799793504,19.9920206191
04/13/2018,21.899999618530273,21.96099998474121,23.9439595635,19.978040406
04/16/2018,22.299999237060547,21.934999980926513,23.9014751754,19.9685247865
04/17/2018,22.200000762939453,21.910999965667724,23.8581334077,19.9638665236
04/18/2018,22.5,21.887499980926513,23.8167403586,19.9582596033
04/19/2018,22.299999237060547,21.862999973297118,23.7686050312,19.9573949154
04/20/2018,22.600000381469727,21.83949996948242,23.7249745516,19.9540253873
04/23/2018,22.850000381469727,21.81799997329712,23.6823029676,19.953696979
04/24/2018,22.950000762939453,21.796499977111818,23.6362180021,19.9567819521
04/25/2018,23.600000381469727,21.761999988555907,23.5465883762,19.9774116009
04/26/2018,23.200000762939453,21.7375,23.4793577849,19.9956422151
04/27/2018,23.100000381469727,21.715500011444092,23.4245449475,20.0064550753
04/30/2018,23.200000762939453,21.701000022888184,23.3919905309,20.0100095149
05/01/2018,21.600000381469727,21.687500038146972,23.3609900188,20.0140100575
05/02/2018,22.600000381469727,21.66100004196167,23.3145655735,20.0074345104
05/03/2018,22.799999237060547,21.648000049591065,23.2889741483,20.0070259509
05/04/2018,22.75,21.63850004196167,23.2700001878,20.0069998961
05/07/2018,23.75,21.62850004196167,23.250061859,20.0069382249
05/08/2018,23.600000381469727,21.61700004577637,23.2192831052,20.0147169863
05/09/2018,23.25,21.60100004196167,23.1751661591,20.0268339248
05/10/2018,23.799999237060547,21.59000003814697,23.1486853638,20.0313147125
05/11/2018,23.75,21.581000022888183,23.1242235529,20.0377764929
05/14/2018,23.600000381469727,21.568500022888184,23.0888725477,20.0481274981
05/15/2018,23.850000381469727,21.55800003051758,23.0605764525,20.0554236086
05/16/2018,24.200000762939453,21.54850004196167,23.0334487689,20.0635513151
05/17/2018,23.850000381469727,21.544500045776367,23.0217423208,20.0672577708
05/18/2018,22.850000381469727,21.535500049591064,22.9958304086,20.0751696905
05/21/2018,22.950000762939453,21.526000061035155,22.9746111383,20.0773889837
05/22/2018,22.5,21.524500064849853,22.9715573592,20.0774427705
05/23/2018,22.0,21.518000068664552,22.9591891876,20.0768109497
05/24/2018,21.799999237060547,21.505000076293946,22.935882708,20.0741174446
05/25/2018,21.5,21.491500072479248,22.9131374614,20.0698626835
05/29/2018,21.0,21.474500064849853,22.8857317403,20.0632683894
05/30/2018,21.049999237060547,21.454000072479246,22.8570624798,20.0509376652
05/31/2018,20.899999618530273,21.43900007247925,22.838278152,20.0397219929
06/01/2018,20.899999618530273,21.429500064849854,22.8291803484,20.0298197813
06/04/2018,20.600000381469727,21.43050006866455,22.8297659084,20.0312342289
06/05/2018,21.200000762939453,21.432000064849852,22.8302940786,20.0337060511
06/06/2018,21.600000381469727,21.439500064849852,22.8345143692,20.0444857605
06/07/2018,21.200000762939453,21.453500061035157,22.8430190165,20.0639811055
06/08/2018,21.25,21.458500061035156,22.8461970506,20.0708030715
06/11/2018,21.649999618530273,21.464000053405762,22.8497685029,20.0782316039
06/12/2018,21.700000762939453,21.47600004196167,22.8581267398,20.0938733442
06/13/2018,21.899999618530273,21.483000049591066,22.8644707194,20.1015293798
06/14/2018,22.0,21.49950004577637,22.8759901318,20.1230099598
06/15/2018,21.850000381469727,21.51850004196167,22.8886398034,20.1483602805
06/18/2018,22.350000381469727,21.535500049591064,22.8990853811,20.1719147181
06/19/2018,22.149999618530273,21.56000005722046,22.9159684187,20.2040316958
06/20/2018,22.75,21.58650005340576,22.9277654783,20.2452346286
06/21/2018,23.0,21.62150005340576,22.9469105318,20.296089575
06/22/2018,22.600000381469727,21.656000061035158,22.9719081697,20.3400919524
06/25/2018,22.700000762939453,21.689500064849852,22.9862324594,20.3927676703
06/26/2018,22.5,21.71800006866455,23.0052747786,20.4307253588
06/27/2018,22.25,21.742000064849854,23.0212327208,20.4627674089
06/28/2018,22.200000762939453,21.761500072479247,23.0334446126,20.4895555324
06/29/2018,22.149999618530273,21.785500087738036,23.0427649308,20.5282352446
07/02/2018,21.450000762939453,21.81100008010864,23.049397894,20.5726022662
07/03/2018,21.600000381469727,21.821000080108643,23.0523851373,20.5896150229
07/05/2018,22.649999618530273,21.837500076293946,23.0546767001,20.6203234525
07/06/2018,22.899999618530273,21.862500076293944,23.0703986277,20.6546015248
07/09/2018,22.799999237060547,21.883500080108643,23.0909986859,20.6760014743
07/10/2018,22.950000762939453,21.90100008010864,23.1089732187,20.6930269415
07/11/2018,23.049999237060547,21.91250009536743,23.1249228211,20.7000773696
07/12/2018,23.575000762939453,21.914000091552733,23.1277356912,20.7002644919
