,PORT VALUE,50000,,,,,,,,,,,,,,,,,,,,,,,,,,,,,,,,,,,,,,,,,,,,,,,,,,,,,,,,,,,,,,,,,,,,,,,,,,,,,,,,,,,,,,,
,AAPL,ABBV,ABT,ADM,ADP,AEO,AFL,AMD,AMZN,AOS,APD,AVGO,BDX,BEN,BMRN,BMY,CAH,CELG,CINF,CL,CLX,CMCSA,CTAS,CVS,CVX,DOV,ECL,ED,EMR,ETP,F,FCX,FOXA,FRT,GD,GE,GILD,GM,GOOG,GPC,GWW,HCP,HRL,IBM,INTC,IOVA,ITW,JNJ,JPM,KMB,KO,LEG,LMT,LOW,M,MA,MCD,MCHP,MCK,MDT,MKC,MMM,MSFT,MU,NAK,NFLX,NTDOY,NUE,NVDA,NWL,PEP,PFE,PX,PXD,QCOM,ROP,SLB,SYY,T,TJX,TROW,TSLA,TWTR,UNH,V,VZ,WMT,XOM,
,0.000834911,0.000671784,0.000493857,0.00015552,0.00072353,0.000942374,0.000385996,0.002020699,0.001845275,0.000960665,0.00041568,0.001463818,0.000765315,-0.000397009,0.000753483,0.000227704,-7.84811E-05,0.000247741,0.000363965,2.89716E-05,0.000438996,0.00032766,0.001149744,6.38479E-06,0.000107968,0.000146491,0.000307854,0.000396521,0.000117838,-0.000562156,-0.000211021,-4.88322E-05,0.000442081,0.000105365,0.000544508,-0.00054652,-1.21949E-06,0.000297076,0.000829531,0.000154366,0.000298502,-0.000306161,0.000482456,-0.000211776,0.00074131,0.001517407,0.000538458,0.000234009,0.000731765,3.69765E-05,9.73229E-05,0.000345442,0.000645847,0.000831089,-0.000157908,0.001024844,0.000494128,0.000805986,-6.58621E-05,0.000423969,0.000452548,0.000372781,0.000982994,0.001090035,0.001541495,0.002312748,0.001494202,0.000342881,0.002776747,9.87043E-05,0.000256556,0.000267041,0.000216103,0.000156755,-0.000175593,0.000713686,-0.000289188,0.000659285,-8.02702E-05,0.000554283,0.000459588,0.00084301,0.000852543,0.001216946,0.00097161,5.86693E-05,0.000186813,-0.00014601,
,,,,,,,,,,,,,,,,,,,,,,,,,,,,,,,,,,,,,,,,,,,,,,,,,,,,,,,,,,,,,,,,,,,,,,,,,,,,,,,,,,,,,,,,,
,AAPL,ABBV,ABT,ADM,ADP,AEO,AFL,AMD,AMZN,AOS,APD,AVGO,BDX,BEN,BMRN,BMY,CAH,CELG,CINF,CL,CLX,CMCSA,CTAS,CVS,CVX,DOV,ECL,ED,EMR,ETP,F,FCX,FOXA,FRT,GD,GE,GILD,GM,GOOG,GPC,GWW,HCP,HRL,IBM,INTC,IOVA,ITW,JNJ,JPM,KMB,KO,LEG,LMT,LOW,M,MA,MCD,MCHP,MCK,MDT,MKC,MMM,MSFT,MU,NAK,NFLX,NTDOY,NUE,NVDA,NWL,PEP,PFE,PX,PXD,QCOM,ROP,SLB,SYY,T,TJX,TROW,TSLA,TWTR,UNH,V,VZ,WMT,XOM,
,0.000201957,5.95853E-05,6.77471E-05,5.29661E-05,5.88209E-05,4.23521E-05,4.50351E-05,0.000118627,9.78092E-05,8.08284E-05,6.36037E-05,0.000150522,5.45375E-05,8.02023E-05,9.41152E-05,4.8947E-05,5.82523E-05,8.67009E-05,4.46548E-05,4.04678E-05,3.43481E-05,6.10185E-05,5.57232E-05,4.6095E-05,5.91824E-05,7.05562E-05,6.11222E-05,9.74881E-06,7.06618E-05,7.39828E-05,6.88703E-05,0.000112417,5.9455E-05,3.58954E-05,5.6728E-05,5.11513E-05,6.69396E-05,6.96986E-05,9.1877E-05,5.18019E-05,5.18689E-05,3.09972E-05,4.632E-05,5.86768E-05,8.9754E-05,0.000107448,6.8508E-05,4.4146E-05,7.66046E-05,3.84018E-05,3.22732E-05,5.89849E-05,4.6337E-05,5.84638E-05,3.63563E-05,8.72591E-05,4.82057E-05,0.00010366,5.11744E-05,5.71663E-05,4.24647E-05,6.11231E-05,0.000100098,0.000140361,9.13568E-05,0.000114788,9.16922E-05,7.12182E-05,0.000121841,8.26488E-05,3.96958E-05,4.2993E-05,6.43391E-05,6.34705E-05,9.06665E-05,6.71251E-05,5.89069E-05,3.6049E-05,3.69214E-05,4.41493E-05,6.82715E-05,0.000106943,9.02789E-05,6.30559E-05,7.96672E-05,3.33154E-05,4.05064E-05,5.51691E-05,
,5.95853E-05,0.000313771,0.000102893,6.45469E-05,6.14335E-05,6.01038E-05,5.93044E-05,9.65044E-05,8.18472E-05,7.89234E-05,6.28328E-05,9.13649E-05,7.87486E-05,8.67216E-05,0.000169762,0.000103339,0.000102291,0.000159484,5.00537E-05,3.09556E-05,2.46701E-05,6.32753E-05,6.75277E-05,6.52846E-05,6.749E-05,5.67699E-05,6.19804E-05,1.83233E-05,6.8205E-05,8.24255E-05,6.88164E-05,0.000144174,5.70888E-05,4.65535E-05,5.76272E-05,5.56525E-05,0.000120326,5.78336E-05,8.32465E-05,6.33495E-05,5.01503E-05,3.53491E-05,3.10181E-05,6.08504E-05,8.5602E-05,0.000161713,6.61416E-05,7.44987E-05,8.01986E-05,4.1785E-05,2.93779E-05,6.78389E-05,6.02693E-05,6.53995E-05,7.53558E-05,7.99532E-05,3.8879E-05,8.16128E-05,0.000119205,8.7668E-05,3.85017E-05,6.81515E-05,8.47061E-05,0.000118028,1.6679E-05,0.000108682,3.00429E-05,7.76595E-05,8.97886E-05,7.17743E-05,3.10175E-05,8.96123E-05,6.44345E-05,6.94102E-05,8.2611E-05,7.23656E-05,5.59275E-05,4.38993E-05,3.59005E-05,5.14418E-05,7.39113E-05,9.52439E-05,9.82309E-05,8.55837E-05,7.19072E-05,3.97631E-05,4.13433E-05,6.27531E-05,
,6.77471E-05,0.000102893,0.000157953,6.08842E-05,6.62356E-05,5.26622E-05,6.09905E-05,0.000105401,6.86055E-05,8.03373E-05,7.3955E-05,9.23211E-05,8.24505E-05,9.56221E-05,0.000129122,7.33376E-05,8.56549E-05,0.000116041,6.35221E-05,4.77129E-05,3.27444E-05,6.05249E-05,6.67676E-05,6.55217E-05,6.30117E-05,7.03482E-05,6.5549E-05,2.0849E-05,7.18206E-05,5.8389E-05,6.87029E-05,0.000139873,6.99725E-05,4.31651E-05,6.84186E-05,5.95364E-05,9.69512E-05,6.93763E-05,7.48811E-05,6.57711E-05,6.41483E-05,4.02424E-05,4.18295E-05,6.81431E-05,8.19509E-05,0.000118773,6.94369E-05,6.55707E-05,8.54464E-05,4.5622E-05,3.71966E-05,6.67725E-05,5.14174E-05,6.62427E-05,6.32401E-05,8.35537E-05,4.69681E-05,7.90926E-05,8.62263E-05,8.9568E-05,4.2821E-05,6.67979E-05,8.14956E-05,0.000111717,3.51354E-05,9.16861E-05,4.88031E-05,7.69142E-05,9.19184E-05,7.39407E-05,4.14397E-05,6.88533E-05,6.52114E-05,6.95646E-05,8.29506E-05,7.12757E-05,6.02104E-05,4.52007E-05,3.83137E-05,5.73553E-05,7.46593E-05,8.2659E-05,6.72838E-05,7.67835E-05,8.30656E-05,4.73709E-05,4.76224E-05,5.62645E-05,
,5.29661E-05,6.45469E-05,6.08842E-05,0.000209596,6.20034E-05,4.24833E-05,5.43815E-05,0.000143555,6.13365E-05,7.69997E-05,7.03233E-05,7.86613E-05,4.64557E-05,0.000102961,8.15735E-05,4.70958E-05,5.45676E-05,8.26429E-05,5.82193E-05,5.29497E-05,3.6141E-05,5.62164E-05,5.82763E-05,5.87675E-05,8.49185E-05,9.02961E-05,6.81983E-05,2.18414E-05,7.81112E-05,9.51436E-05,7.75269E-05,0.000184509,5.62469E-05,4.33383E-05,5.39694E-05,6.32692E-05,7.42391E-05,6.93237E-05,5.06517E-05,6.19148E-05,5.82779E-05,4.16195E-05,4.86723E-05,6.00465E-05,7.07518E-05,9.62372E-05,6.64757E-05,4.74694E-05,8.18792E-05,5.04324E-05,4.29052E-05,6.48638E-05,3.54401E-05,5.47937E-05,6.12365E-05,6.37927E-05,3.52599E-05,7.43721E-05,5.80273E-05,5.31534E-05,5.24199E-05,5.62659E-05,6.84075E-05,0.000114488,0.000107141,8.10483E-05,6.31923E-05,8.81987E-05,4.65429E-05,9.04656E-05,4.69067E-05,4.52535E-05,6.57531E-05,8.70446E-05,7.08254E-05,6.40359E-05,8.84671E-05,3.98141E-05,4.34065E-05,4.63732E-05,8.01561E-05,8.5401E-05,5.80888E-05,5.30518E-05,5.86974E-05,4.85919E-05,4.05329E-05,6.86294E-05,
,5.88209E-05,6.14335E-05,6.62356E-05,6.20034E-05,0.000133734,4.88927E-05,6.06597E-05,8.82444E-05,6.3094E-05,7.64597E-05,6.26782E-05,8.32846E-05,5.48127E-05,7.66144E-05,7.64445E-05,4.95729E-05,6.2767E-05,7.50186E-05,6.14696E-05,4.83354E-05,3.76004E-05,6.57011E-05,6.6951E-05,5.31771E-05,6.00639E-05,7.03813E-05,6.14142E-05,2.81161E-05,6.72804E-05,5.2877E-05,6.76158E-05,9.97669E-05,7.03272E-05,4.85154E-05,6.02448E-05,5.68407E-05,6.57844E-05,6.74675E-05,6.87967E-05,6.69044E-05,4.84442E-05,4.27819E-05,4.8132E-05,6.04749E-05,8.09084E-05,7.49149E-05,7.16851E-05,5.25105E-05,7.5123E-05,4.62531E-05,4.24314E-05,6.39751E-05,4.96949E-05,7.60876E-05,6.39165E-05,7.60918E-05,4.82677E-05,8.01887E-05,5.80032E-05,5.87102E-05,4.84932E-05,6.4571E-05,8.24069E-05,9.87477E-05,-4.13528E-06,7.69267E-05,6.26845E-05,7.88059E-05,8.47483E-05,6.72753E-05,4.75157E-05,5.03654E-05,5.99221E-05,5.3398E-05,7.06761E-05,6.36593E-05,5.02109E-05,4.76491E-05,4.56357E-05,5.93019E-05,7.29538E-05,6.37221E-05,3.64856E-05,6.34348E-05,7.18782E-05,5.36658E-05,4.42838E-05,5.45551E-05,
,4.23521E-05,6.01038E-05,5.26622E-05,4.24833E-05,4.88927E-05,0.000570686,4.21787E-05,7.54335E-05,4.5472E-05,7.16868E-05,4.21949E-05,4.96303E-05,2.92918E-05,8.01957E-05,7.63082E-05,3.82495E-05,6.09374E-05,7.1492E-05,4.74306E-05,1.79739E-05,1.84449E-05,4.87156E-05,4.8033E-05,4.79194E-05,6.43768E-05,5.04581E-05,4.27864E-05,7.47035E-06,4.97329E-05,5.18227E-05,8.66797E-05,0.000119321,6.56232E-05,4.15638E-05,3.33458E-05,5.32197E-05,4.48618E-05,7.82557E-05,4.95378E-05,7.72853E-05,5.61255E-05,2.38024E-05,4.63414E-05,4.15371E-05,6.51688E-05,0.00014796,5.25454E-05,2.43074E-05,6.7871E-05,2.53378E-05,1.76266E-05,6.45653E-05,3.23211E-05,7.79233E-05,0.000237707,4.56844E-05,1.39499E-05,5.7994E-05,6.09894E-05,2.70093E-05,3.12067E-05,3.05322E-05,4.32727E-05,8.55495E-05,6.09591E-07,8.03351E-05,5.22985E-05,0.000103811,8.56238E-05,5.21426E-05,1.58901E-05,3.90218E-05,4.08073E-05,6.90575E-05,4.62397E-05,5.09669E-05,4.85731E-05,3.80775E-05,4.06252E-05,0.000125307,7.25494E-05,8.61476E-05,0.000116815,5.01614E-05,4.49492E-05,3.50426E-05,6.90835E-05,4.34152E-05,
,4.50351E-05,5.93044E-05,6.09905E-05,5.43815E-05,6.06597E-05,4.21787E-05,9.86811E-05,6.73208E-05,5.29093E-05,6.95883E-05,5.94801E-05,5.97109E-05,4.49582E-05,8.47396E-05,5.88667E-05,4.33946E-05,5.70135E-05,6.40167E-05,6.43936E-05,4.09178E-05,2.93928E-05,5.32658E-05,5.4078E-05,4.56678E-05,6.42979E-05,6.94405E-05,5.54281E-05,1.63633E-05,6.70408E-05,6.61863E-05,6.4412E-05,0.000119186,5.62458E-05,3.26542E-05,5.528E-05,5.40151E-05,5.5209E-05,6.33892E-05,5.07648E-05,5.68295E-05,5.31592E-05,2.88127E-05,3.43176E-05,5.8445E-05,6.31187E-05,6.92779E-05,6.32994E-05,4.52109E-05,8.26236E-05,3.89165E-05,3.27736E-05,5.07846E-05,4.19425E-05,5.15676E-05,5.24513E-05,6.01755E-05,3.90776E-05,6.13515E-05,5.50389E-05,4.85926E-05,3.83301E-05,5.5495E-05,6.16487E-05,7.64514E-05,2.49132E-05,5.81856E-05,5.51309E-05,7.68966E-05,6.19639E-05,5.81737E-05,3.42708E-05,5.13805E-05,5.37566E-05,7.29286E-05,5.54828E-05,6.0243E-05,6.10015E-05,3.40176E-05,3.57E-05,4.64734E-05,7.36732E-05,5.50829E-05,2.2786E-05,5.32035E-05,5.90568E-05,4.13285E-05,3.33853E-05,5.81401E-05,
,0.000118627,9.65044E-05,0.000105401,0.000143555,8.82444E-05,7.54335E-05,6.73208E-05,0.001523676,0.000115897,0.000143786,8.4385E-05,0.000197445,9.16171E-05,0.000149518,0.000178835,5.94939E-05,7.92418E-05,0.000115593,7.11802E-05,5.31857E-05,4.72216E-05,7.58178E-05,0.000103993,5.19155E-05,0.00011324,0.000118681,0.000104598,-4.51338E-06,0.000123463,0.000163558,0.000123941,0.000333872,7.79123E-05,5.11439E-05,7.36355E-05,9.2686E-05,8.456E-05,0.00012858,7.64487E-05,6.8703E-05,5.12928E-05,7.72868E-05,3.91449E-05,0.000101724,0.000164635,0.000142369,8.85674E-05,4.74846E-05,0.000112061,2.15461E-05,4.85735E-05,0.000106891,5.66624E-05,8.0741E-05,4.85921E-05,0.000124845,5.84422E-05,0.000232666,5.42399E-05,8.5362E-05,4.24751E-05,7.67003E-05,9.32667E-05,0.000385768,0.000272325,0.000176271,4.98989E-05,0.00015073,0.000357284,0.000123183,4.76223E-05,6.4387E-05,8.96287E-05,0.000153711,0.000158499,0.00010033,0.000115308,4.55621E-05,5.01612E-05,4.54084E-05,0.000100478,0.000235641,0.000161408,8.70334E-05,0.000111811,5.42904E-05,3.72695E-05,8.21857E-05,
,9.78092E-05,8.18472E-05,6.86055E-05,6.13365E-05,6.3094E-05,4.5472E-05,5.29093E-05,0.000115897,0.000325969,9.23205E-05,5.3375E-05,0.000120509,6.27259E-05,7.42344E-05,9.84167E-05,4.89737E-05,5.44377E-05,8.58105E-05,3.78456E-05,4.10313E-05,2.04838E-05,5.51391E-05,6.64801E-05,3.98464E-05,5.56252E-05,6.45477E-05,6.11562E-05,1.61991E-05,5.72188E-05,8.46149E-05,6.90587E-05,0.000101569,6.97196E-05,3.70083E-05,5.06783E-05,5.02992E-05,6.46918E-05,6.11757E-05,0.000152978,4.88779E-05,4.94827E-05,3.421E-05,4.26467E-05,5.69915E-05,8.89648E-05,9.76246E-05,6.75709E-05,4.73488E-05,7.2106E-05,3.75915E-05,3.44307E-05,5.0834E-05,3.88673E-05,6.86628E-05,1.54691E-05,0.000103243,5.71519E-05,9.27925E-05,5.58648E-05,6.00792E-05,4.45285E-05,5.83313E-05,0.000130518,0.00011342,8.89823E-05,0.000186895,7.61418E-05,6.73151E-05,0.000125688,9.5937E-05,3.78176E-05,4.42823E-05,5.13644E-05,8.76352E-05,6.96913E-05,7.47503E-05,5.7908E-05,3.90077E-05,3.03403E-05,4.37432E-05,7.26969E-05,0.00014852,0.000121097,6.63882E-05,0.000100705,3.51125E-05,3.33245E-05,5.05183E-05,
,8.08284E-05,7.89234E-05,8.03373E-05,7.69997E-05,7.64597E-05,7.16868E-05,6.95883E-05,0.000143786,9.23205E-05,0.000196719,8.50583E-05,0.000120961,6.59208E-05,0.000108665,0.000113192,5.9672E-05,7.32102E-05,9.59463E-05,7.04164E-05,4.61543E-05,3.63249E-05,6.60897E-05,7.87907E-05,6.52863E-05,8.13651E-05,0.000106425,8.25998E-05,9.71823E-06,9.51536E-05,9.53488E-05,9.4037E-05,0.000159534,6.95699E-05,4.51546E-05,7.84534E-05,7.51068E-05,7.12084E-05,9.30549E-05,8.33364E-05,8.01261E-05,7.97594E-05,3.12311E-05,4.57998E-05,6.90641E-05,8.68647E-05,0.000101075,9.6757E-05,5.77691E-05,0.000100389,4.61934E-05,3.35404E-05,9.27221E-05,5.80864E-05,8.98953E-05,6.94301E-05,9.21528E-05,5.13602E-05,0.000105928,7.01554E-05,6.45056E-05,4.74952E-05,8.01895E-05,8.75449E-05,0.000148179,6.65653E-05,0.000110655,9.67205E-05,0.000120795,0.000114527,9.42261E-05,3.91023E-05,5.84995E-05,8.16845E-05,9.24726E-05,8.22032E-05,9.59605E-05,7.7267E-05,4.54311E-05,4.19975E-05,6.31484E-05,0.000100206,0.000111373,9.08322E-05,6.97764E-05,8.9497E-05,4.59758E-05,3.8434E-05,6.83305E-05,
,6.36037E-05,6.28328E-05,7.3955E-05,7.03233E-05,6.26782E-05,4.21949E-05,5.94801E-05,8.4385E-05,5.3375E-05,8.50583E-05,0.000146308,9.12343E-05,5.27755E-05,9.4033E-05,8.04288E-05,4.93939E-05,5.92204E-05,7.17929E-05,6.32583E-05,5.15741E-05,3.60619E-05,5.74437E-05,6.60407E-05,5.02098E-05,7.41067E-05,8.9723E-05,7.76199E-05,2.01778E-05,8.90695E-05,9.53648E-05,7.70758E-05,0.000155379,5.77304E-05,4.21029E-05,6.75919E-05,6.58955E-05,6.1643E-05,7.55894E-05,6.55805E-05,6.58981E-05,6.96874E-05,3.06592E-05,4.15496E-05,6.4164E-05,7.2068E-05,8.25983E-05,7.79572E-05,4.89659E-05,8.4627E-05,4.53729E-05,3.89399E-05,6.88046E-05,4.87371E-05,6.99957E-05,6.32334E-05,8.28005E-05,4.80305E-05,7.8783E-05,4.92697E-05,6.4176E-05,4.3749E-05,6.44782E-05,7.44736E-05,0.000119549,5.88E-05,7.94531E-05,7.28299E-05,0.000100824,8.55593E-05,7.55827E-05,4.06389E-05,4.67086E-05,9.05788E-05,9.57337E-05,7.07342E-05,7.169E-05,7.71146E-05,4.82032E-05,4.00542E-05,5.08703E-05,7.97112E-05,7.30797E-05,6.25471E-05,6.59962E-05,7.64833E-05,4.25608E-05,3.6405E-05,6.68382E-05,
,0.000150522,9.13649E-05,9.23211E-05,7.86613E-05,8.32846E-05,4.96303E-05,5.97109E-05,0.000197445,0.000120509,0.000120961,9.12343E-05,0.000408163,7.70081E-05,0.000114559,0.000166345,5.28494E-05,7.8201E-05,0.000124121,5.94871E-05,4.81905E-05,2.80152E-05,7.36294E-05,8.29059E-05,5.98017E-05,7.08678E-05,9.46313E-05,8.9174E-05,9.36906E-06,9.68554E-05,9.62707E-05,9.40088E-05,0.00019966,7.77766E-05,4.21414E-05,7.65213E-05,7.86632E-05,9.27178E-05,0.000108842,0.000117694,7.18876E-05,6.21037E-05,3.05644E-05,5.13432E-05,7.77693E-05,0.000143069,0.000174495,9.68239E-05,5.8414E-05,0.000101928,4.18886E-05,3.90351E-05,8.37605E-05,4.97142E-05,7.7212E-05,4.46488E-05,0.00011566,6.27401E-05,0.000200075,7.7254E-05,8.63264E-05,5.28086E-05,8.67145E-05,0.000127783,0.000258035,7.82852E-05,0.000156078,0.000118674,0.000110897,0.000216916,0.000125377,4.57124E-05,6.02148E-05,8.73778E-05,8.87377E-05,0.000145598,8.89741E-05,7.14016E-05,4.59039E-05,3.9056E-05,4.95274E-05,9.30721E-05,0.000174669,0.000135619,8.48428E-05,0.000106604,4.14466E-05,4.27934E-05,6.34297E-05,
,5.45375E-05,7.87486E-05,8.24505E-05,4.64557E-05,5.48127E-05,2.92918E-05,4.49582E-05,9.16171E-05,6.27259E-05,6.59208E-05,5.27755E-05,7.70081E-05,0.000130172,5.81656E-05,7.99473E-05,5.46764E-05,6.34365E-05,7.81321E-05,4.93483E-05,3.85281E-05,2.89386E-05,4.43123E-05,5.05617E-05,5.35765E-05,4.7255E-05,4.6127E-05,4.97788E-05,2.64541E-05,4.83141E-05,5.11801E-05,4.46567E-05,9.61038E-05,4.98005E-05,4.11597E-05,5.23543E-05,4.68127E-05,6.16203E-05,5.01149E-05,6.92919E-05,4.55218E-05,4.33145E-05,3.15524E-05,4.03965E-05,4.9999E-05,6.38454E-05,8.23758E-05,5.30402E-05,5.36867E-05,5.6804E-05,3.68565E-05,3.43639E-05,4.91211E-05,3.67163E-05,4.98145E-05,2.69058E-05,7.09121E-05,3.71759E-05,6.85561E-05,5.84436E-05,7.93607E-05,3.93948E-05,5.53688E-05,7.14899E-05,8.8475E-05,2.19827E-05,9.01497E-05,5.84927E-05,5.58535E-05,7.07324E-05,3.81448E-05,3.59865E-05,5.74536E-05,5.10353E-05,4.86662E-05,6.28243E-05,5.31659E-05,4.12621E-05,4.01866E-05,3.07015E-05,4.21325E-05,5.16467E-05,6.45949E-05,3.66809E-05,6.67757E-05,6.86894E-05,3.46929E-05,3.96406E-05,4.50761E-05,
,8.02023E-05,8.67216E-05,9.56221E-05,0.000102961,7.66144E-05,8.01957E-05,8.47396E-05,0.000149518,7.42344E-05,0.000108665,9.4033E-05,0.000114559,5.81656E-05,0.000224136,0.000125689,6.29744E-05,8.98292E-05,0.000114889,8.48328E-05,5.1094E-05,3.01856E-05,8.02761E-05,7.86829E-05,6.79366E-05,0.000100278,0.000124271,8.27715E-05,5.35365E-06,0.000115794,0.000125414,0.000109599,0.00024586,9.26224E-05,4.06875E-05,8.24534E-05,8.05311E-05,9.56486E-05,9.92643E-05,7.76663E-05,9.07387E-05,8.48676E-05,3.74606E-05,4.75996E-05,8.4224E-05,9.64438E-05,0.000121065,9.7972E-05,6.05902E-05,0.000131381,4.90468E-05,4.08668E-05,8.46145E-05,5.84833E-05,8.5745E-05,9.97524E-05,9.22707E-05,4.87286E-05,0.000113377,9.53814E-05,6.57538E-05,4.92281E-05,7.68456E-05,9.13821E-05,0.000160489,0.00010592,0.000105345,8.16368E-05,0.000136315,0.000100714,0.000100359,4.20159E-05,7.09726E-05,9.12933E-05,0.000121468,9.84724E-05,9.79428E-05,9.83731E-05,4.94339E-05,5.25238E-05,6.98532E-05,0.000146197,0.000101915,8.7937E-05,8.05826E-05,8.73317E-05,5.54783E-05,4.64897E-05,8.67103E-05,
,9.41152E-05,0.000169762,0.000129122,8.15735E-05,7.64445E-05,7.63082E-05,5.88667E-05,0.000178835,9.84167E-05,0.000113192,8.04288E-05,0.000166345,7.99473E-05,0.000125689,0.000569164,0.00013207,0.000120552,0.000248284,6.15968E-05,2.79784E-05,1.36049E-05,7.41929E-05,8.58372E-05,7.97001E-05,5.24789E-05,7.47299E-05,7.4155E-05,-1.43751E-05,7.33036E-05,0.000139247,9.50573E-05,0.000146111,9.29358E-05,4.23316E-05,7.18205E-05,6.38242E-05,0.000178745,8.15149E-05,9.59354E-05,6.67392E-05,5.5991E-05,3.55787E-05,2.96581E-05,5.87868E-05,0.000102128,0.000267316,7.83446E-05,6.69844E-05,0.0001131,3.13032E-05,1.32586E-05,9.1304E-05,5.37581E-05,8.11569E-05,8.71684E-05,9.87077E-05,3.48277E-05,0.000126044,0.00013015,0.000101418,2.60579E-05,6.36453E-05,8.66098E-05,0.000172842,3.89809E-05,0.00012294,4.79271E-05,9.81863E-05,0.000139973,9.93491E-05,2.81213E-05,0.00010357,5.87797E-05,7.09464E-05,0.000108582,8.47305E-05,4.58593E-05,4.34319E-05,2.41506E-05,5.92929E-05,9.83017E-05,0.000111504,0.000136834,0.00010182,9.58025E-05,2.91052E-05,3.13032E-05,4.55769E-05,
,4.8947E-05,0.000103339,7.33376E-05,4.70958E-05,4.95729E-05,3.82495E-05,4.33946E-05,5.94939E-05,4.89737E-05,5.9672E-05,4.93939E-05,5.28494E-05,5.46764E-05,6.29744E-05,0.00013207,0.000243827,8.43447E-05,0.000138653,4.67874E-05,4.14755E-05,3.16643E-05,4.86844E-05,5.01162E-05,5.26149E-05,4.5097E-05,4.73523E-05,4.94633E-05,2.29905E-05,4.62333E-05,3.271E-05,5.74303E-05,8.78164E-05,4.63457E-05,3.57038E-05,5.27094E-05,4.72784E-05,9.92541E-05,4.71106E-05,4.80649E-05,4.30778E-05,3.36084E-05,3.52592E-05,3.74235E-05,3.83361E-05,5.00124E-05,0.000124121,5.10253E-05,6.01337E-05,6.29405E-05,4.30448E-05,2.76504E-05,4.36859E-05,4.63493E-05,5.1436E-05,4.07426E-05,6.4991E-05,3.7801E-05,5.40468E-05,9.34697E-05,6.391E-05,2.78074E-05,4.72245E-05,5.39692E-05,6.9806E-05,-2.0089E-05,6.54521E-05,3.42956E-05,5.70706E-05,5.9037E-05,5.75505E-05,3.22031E-05,7.2208E-05,4.02807E-05,4.82921E-05,6.17688E-05,5.37076E-05,4.23991E-05,3.93246E-05,3.05841E-05,4.24617E-05,5.80122E-05,6.80461E-05,6.72607E-05,6.60572E-05,6.51501E-05,3.4685E-05,3.69048E-05,3.83579E-05,
,5.82523E-05,0.000102291,8.56549E-05,5.45676E-05,6.2767E-05,6.09374E-05,5.70135E-05,7.92418E-05,5.44377E-05,7.32102E-05,5.92204E-05,7.8201E-05,6.34365E-05,8.98292E-05,0.000120552,8.43447E-05,0.000261327,0.000125935,5.80106E-05,3.81096E-05,3.01351E-05,6.2336E-05,5.13464E-05,0.000101496,5.42443E-05,5.09962E-05,5.3914E-05,1.59477E-05,5.60282E-05,6.73608E-05,6.49287E-05,0.00011263,5.78978E-05,3.88939E-05,5.37871E-05,5.91599E-05,9.97059E-05,6.22841E-05,6.3985E-05,5.90438E-05,6.55378E-05,3.01314E-05,4.07017E-05,5.53894E-05,6.42566E-05,0.000108733,5.27691E-05,6.22787E-05,8.3562E-05,4.1293E-05,2.78844E-05,6.70463E-05,4.19265E-05,6.99557E-05,7.01494E-05,5.66648E-05,3.48781E-05,6.22495E-05,0.000192696,6.84685E-05,3.8945E-05,5.26959E-05,6.23703E-05,9.00169E-05,-3.96806E-06,7.35132E-05,4.96838E-05,8.02105E-05,5.84235E-05,8.79923E-05,2.82748E-05,7.60741E-05,4.84673E-05,6.52694E-05,6.7771E-05,5.95873E-05,4.87601E-05,4.00293E-05,3.50235E-05,5.51767E-05,7.93578E-05,8.38543E-05,6.71205E-05,7.42116E-05,5.55326E-05,4.48241E-05,4.46687E-05,5.30132E-05,
,8.67009E-05,0.000159484,0.000116041,8.26429E-05,7.50186E-05,7.1492E-05,6.40167E-05,0.000115593,8.58105E-05,9.59463E-05,7.17929E-05,0.000124121,7.81321E-05,0.000114889,0.000248284,0.000138653,0.000125935,0.000374358,6.00073E-05,5.11001E-05,3.53668E-05,8.51246E-05,7.2128E-05,7.96828E-05,7.33692E-05,6.63711E-05,7.26736E-05,2.11511E-05,7.19211E-05,8.7919E-05,8.54937E-05,0.000175135,8.29116E-05,4.97237E-05,7.56597E-05,7.73579E-05,0.000176377,7.82355E-05,9.56657E-05,6.78251E-05,5.64621E-05,4.02284E-05,4.41245E-05,6.09452E-05,8.37542E-05,0.000197447,7.17825E-05,8.67229E-05,0.00010053,4.88727E-05,3.27156E-05,7.98127E-05,6.42017E-05,8.34395E-05,7.2709E-05,9.55633E-05,4.7084E-05,9.2591E-05,0.000135686,9.53393E-05,3.91221E-05,6.75919E-05,9.51641E-05,0.000149769,2.33469E-05,0.000122317,4.45556E-05,8.62352E-05,0.000104457,8.97431E-05,3.87903E-05,9.74185E-05,5.79334E-05,7.60012E-05,0.000106338,8.06918E-05,6.16913E-05,5.01536E-05,3.95642E-05,5.90654E-05,9.04115E-05,0.000106674,8.05884E-05,9.46251E-05,8.8674E-05,4.38854E-05,4.96365E-05,6.16799E-05,
,4.46548E-05,5.00537E-05,6.35221E-05,5.82193E-05,6.14696E-05,4.74306E-05,6.43936E-05,7.11802E-05,3.78456E-05,7.04164E-05,6.32583E-05,5.94871E-05,4.93483E-05,8.48328E-05,6.15968E-05,4.67874E-05,5.80106E-05,6.00073E-05,0.000113853,4.78393E-05,4.00832E-05,6.07125E-05,6.18497E-05,5.09292E-05,6.14085E-05,7.32948E-05,5.70389E-05,2.63357E-05,6.86811E-05,4.43229E-05,6.17265E-05,0.000103994,5.41639E-05,4.59832E-05,6.31321E-05,5.74391E-05,5.07477E-05,6.14055E-05,4.8121E-05,6.74554E-05,5.93281E-05,3.33003E-05,4.77858E-05,5.75343E-05,5.94257E-05,5.79712E-05,6.89565E-05,4.82711E-05,8.49059E-05,4.80633E-05,3.78144E-05,6.20651E-05,4.78889E-05,6.3859E-05,5.96597E-05,5.79946E-05,3.61605E-05,5.6318E-05,5.06099E-05,5.13158E-05,4.49214E-05,6.15446E-05,6.0266E-05,6.74856E-05,-7.65371E-07,5.7256E-05,4.90956E-05,7.4083E-05,5.77102E-05,5.71438E-05,3.97428E-05,4.99125E-05,5.26338E-05,5.50181E-05,5.53677E-05,6.57947E-05,5.30528E-05,4.29877E-05,4.63646E-05,5.20775E-05,7.68726E-05,4.40376E-05,7.11836E-06,5.63082E-05,5.70889E-05,4.67175E-05,4.14583E-05,5.45206E-05,
,4.04678E-05,3.09556E-05,4.77129E-05,5.29497E-05,4.83354E-05,1.79739E-05,4.09178E-05,5.31857E-05,4.10313E-05,4.61543E-05,5.15741E-05,4.81905E-05,3.85281E-05,5.1094E-05,2.79784E-05,4.14755E-05,3.81096E-05,5.11001E-05,4.78393E-05,0.000104426,6.74599E-05,4.13886E-05,3.97835E-05,4.56073E-05,4.62256E-05,4.89362E-05,4.74807E-05,3.89837E-05,4.0807E-05,2.8724E-05,4.27398E-05,6.40147E-05,3.67297E-05,4.8726E-05,3.56886E-05,3.9169E-05,3.48384E-05,4.265E-05,4.10816E-05,5.03448E-05,3.65472E-05,4.97023E-05,5.64341E-05,4.26554E-05,4.36373E-05,4.16077E-05,4.6715E-05,4.36373E-05,4.25423E-05,7.28632E-05,4.80116E-05,4.68649E-05,3.1717E-05,4.35383E-05,3.11203E-05,4.95074E-05,4.0543E-05,4.00454E-05,3.83061E-05,4.12419E-05,5.56898E-05,4.22169E-05,4.73284E-05,5.93568E-05,4.33927E-06,3.93993E-05,3.36646E-05,4.29943E-05,3.90776E-05,6.06971E-05,5.59177E-05,3.28952E-05,4.06359E-05,3.98179E-05,3.51931E-05,4.11931E-05,3.95756E-05,4.08838E-05,4.01149E-05,4.2591E-05,4.29214E-05,3.7644E-05,3.41287E-06,3.91436E-05,4.88754E-05,4.13985E-05,4.49059E-05,4.14944E-05,
,3.43481E-05,2.46701E-05,3.27444E-05,3.6141E-05,3.76004E-05,1.84449E-05,2.93928E-05,4.72216E-05,2.04838E-05,3.63249E-05,3.60619E-05,2.80152E-05,2.89386E-05,3.01856E-05,1.36049E-05,3.16643E-05,3.01351E-05,3.53668E-05,4.00832E-05,6.74599E-05,0.00011325,3.68605E-05,3.2868E-05,4.16451E-05,3.23539E-05,2.5975E-05,3.05299E-05,4.10926E-05,2.36082E-05,5.83374E-06,2.71444E-05,6.95592E-06,2.65323E-05,5.01576E-05,2.72607E-05,2.24351E-05,1.96511E-05,2.11015E-05,3.14501E-05,3.8215E-05,2.12846E-05,4.76537E-05,6.57145E-05,2.56316E-05,3.02783E-05,1.72737E-05,3.15363E-05,3.62341E-05,2.4393E-05,7.61343E-05,4.41868E-05,4.00161E-05,2.90135E-05,3.56103E-05,3.29178E-05,3.3315E-05,3.23726E-05,2.99823E-05,2.0994E-05,3.38673E-05,5.84591E-05,3.10839E-05,3.59419E-05,3.71526E-05,-9.22432E-06,3.18932E-05,2.64688E-05,2.56085E-05,3.91695E-05,3.82955E-05,5.10923E-05,2.82002E-05,2.69334E-05,1.69734E-05,3.09112E-05,2.26552E-05,1.9485E-05,4.41761E-05,4.21726E-05,3.42734E-05,3.18322E-05,2.55887E-05,-4.34472E-06,3.46416E-05,3.34703E-05,4.18244E-05,4.3395E-05,2.81113E-05,
,6.10185E-05,6.32753E-05,6.05249E-05,5.62164E-05,6.57011E-05,4.87156E-05,5.32658E-05,7.58178E-05,5.51391E-05,6.60897E-05,5.74437E-05,7.36294E-05,4.43123E-05,8.02761E-05,7.41929E-05,4.86844E-05,6.2336E-05,8.51246E-05,6.07125E-05,4.13886E-05,3.68605E-05,0.000165071,6.0794E-05,5.6433E-05,6.26408E-05,6.62462E-05,5.76731E-05,1.88029E-05,6.30337E-05,7.09891E-05,6.7916E-05,0.000129767,8.31417E-05,4.13767E-05,5.5487E-05,6.11843E-05,6.54108E-05,6.45325E-05,5.84732E-05,5.88805E-05,5.71912E-05,3.78564E-05,4.25613E-05,5.50164E-05,6.73932E-05,7.72662E-05,5.95058E-05,4.45076E-05,7.59876E-05,4.23879E-05,3.28604E-05,6.77918E-05,4.34607E-05,6.07872E-05,5.92321E-05,5.75068E-05,3.6134E-05,5.84301E-05,5.29688E-05,5.36642E-05,4.00868E-05,5.53027E-05,6.7321E-05,8.81858E-05,3.10888E-05,6.90422E-05,4.12073E-05,8.15687E-05,7.52017E-05,8.5557E-05,3.82428E-05,4.74889E-05,5.6222E-05,7.61409E-05,6.48354E-05,6.0386E-05,5.6502E-05,4.00953E-05,5.66845E-05,5.06931E-05,6.66354E-05,7.24186E-05,5.63421E-05,5.54949E-05,5.80042E-05,5.44385E-05,3.92478E-05,6.04294E-05,
,5.57232E-05,6.75277E-05,6.67676E-05,5.82763E-05,6.6951E-05,4.8033E-05,5.4078E-05,0.000103993,6.64801E-05,7.87907E-05,6.60407E-05,8.29059E-05,5.05617E-05,7.86829E-05,8.58372E-05,5.01162E-05,5.13464E-05,7.2128E-05,6.18497E-05,3.97835E-05,3.2868E-05,6.0794E-05,0.000142533,4.36104E-05,5.73614E-05,7.26875E-05,6.03278E-05,2.2075E-05,6.93445E-05,5.99904E-05,6.20565E-05,0.000107119,5.49289E-05,3.93109E-05,6.3592E-05,5.63912E-05,6.56594E-05,6.05274E-05,6.50035E-05,6.49604E-05,5.46863E-05,2.81168E-05,4.43157E-05,5.7426E-05,7.431E-05,9.09321E-05,6.84694E-05,4.37047E-05,7.64107E-05,3.87478E-05,3.07513E-05,6.38237E-05,4.88167E-05,6.47034E-05,5.3349E-05,7.10331E-05,3.68043E-05,7.31864E-05,5.11986E-05,5.03945E-05,4.31905E-05,6.07022E-05,7.22834E-05,9.56703E-05,4.86127E-05,8.68377E-05,4.6126E-05,7.75743E-05,8.59878E-05,6.25966E-05,3.50501E-05,4.80754E-05,5.9097E-05,6.51337E-05,5.83615E-05,6.80309E-05,5.73149E-05,4.26038E-05,3.62465E-05,4.49713E-05,7.11078E-05,6.73484E-05,5.40326E-05,6.03166E-05,6.91697E-05,4.13565E-05,3.20226E-05,5.14004E-05,
,4.6095E-05,6.52846E-05,6.55217E-05,5.87675E-05,5.31771E-05,4.79194E-05,4.56678E-05,5.19155E-05,3.98464E-05,6.52863E-05,5.02098E-05,5.98017E-05,5.35765E-05,6.79366E-05,7.97001E-05,5.26149E-05,0.000101496,7.96828E-05,5.09292E-05,4.56073E-05,4.16451E-05,5.6433E-05,4.36104E-05,0.000182325,4.72703E-05,4.62841E-05,5.09333E-05,2.16888E-05,4.7286E-05,5.39972E-05,5.3545E-05,7.10245E-05,5.12679E-05,4.34319E-05,5.23862E-05,5.40961E-05,7.63395E-05,4.69852E-05,4.66366E-05,5.45074E-05,4.2185E-05,3.84969E-05,5.22919E-05,4.61234E-05,4.94535E-05,7.04637E-05,5.11434E-05,4.81892E-05,6.34781E-05,5.05982E-05,3.67256E-05,5.08369E-05,4.24552E-05,6.47699E-05,5.01739E-05,5.3919E-05,4.06077E-05,4.05058E-05,0.000100754,5.79476E-05,4.77464E-05,4.84298E-05,5.73036E-05,6.6734E-05,-2.05857E-05,5.56103E-05,3.79061E-05,6.02565E-05,3.80111E-05,6.76595E-05,4.11726E-05,6.29276E-05,4.65864E-05,4.49895E-05,5.15883E-05,4.78925E-05,4.3862E-05,4.37057E-05,3.9483E-05,5.77421E-05,6.60111E-05,5.84069E-05,2.8297E-05,7.09575E-05,5.69179E-05,5.10569E-05,6.00201E-05,4.45864E-05,
,5.91824E-05,6.749E-05,6.30117E-05,8.49185E-05,6.00639E-05,6.43768E-05,6.42979E-05,0.00011324,5.56252E-05,8.13651E-05,7.41067E-05,7.08678E-05,4.7255E-05,0.000100278,5.24789E-05,4.5097E-05,5.42443E-05,7.33692E-05,6.14085E-05,4.62256E-05,3.23539E-05,6.26408E-05,5.73614E-05,4.72703E-05,0.000197198,0.000114631,7.73099E-05,1.75639E-05,9.78359E-05,0.000140584,9.37656E-05,0.00026681,6.9056E-05,3.77617E-05,5.43103E-05,7.95788E-05,5.94811E-05,8.04049E-05,5.63242E-05,6.81161E-05,7.38377E-05,3.97555E-05,4.01002E-05,6.65162E-05,7.74737E-05,9.33775E-05,7.58544E-05,4.9958E-05,9.50458E-05,4.43853E-05,3.84364E-05,5.83519E-05,3.71392E-05,5.56729E-05,6.23688E-05,6.98526E-05,4.48758E-05,7.99995E-05,5.06016E-05,5.06547E-05,4.53331E-05,6.32757E-05,7.47949E-05,0.000120432,0.000118683,7.13158E-05,7.027E-05,0.000112394,7.26514E-05,7.05557E-05,3.73004E-05,4.7886E-05,7.60424E-05,0.000196377,7.63206E-05,7.6398E-05,0.000145558,3.95524E-05,4.80057E-05,4.74035E-05,8.54052E-05,7.95597E-05,5.73886E-05,5.4671E-05,6.45223E-05,5.38756E-05,3.12831E-05,0.000129959,
,7.05562E-05,5.67699E-05,7.03482E-05,9.02961E-05,7.03813E-05,5.04581E-05,6.94405E-05,0.000118681,6.45477E-05,0.000106425,8.9723E-05,9.46313E-05,4.6127E-05,0.000124271,7.47299E-05,4.73523E-05,5.09962E-05,6.63711E-05,7.32948E-05,4.89362E-05,2.5975E-05,6.62462E-05,7.26875E-05,4.62841E-05,0.000114631,0.000219174,8.6213E-05,7.45064E-06,0.000134841,0.00011837,0.000100532,0.000253019,7.23794E-05,3.22741E-05,7.82628E-05,7.55864E-05,6.11449E-05,9.84602E-05,6.29753E-05,8.73562E-05,9.62433E-05,3.22975E-05,3.89975E-05,7.08863E-05,8.39421E-05,0.000101612,0.000107336,4.80765E-05,0.00010566,4.43307E-05,3.50791E-05,7.05277E-05,5.12801E-05,7.14382E-05,6.79517E-05,7.69586E-05,3.96417E-05,9.94423E-05,5.72532E-05,5.36701E-05,4.46188E-05,7.94367E-05,7.85797E-05,0.000127488,9.15612E-05,8.30512E-05,7.72813E-05,0.000126867,9.13102E-05,8.36957E-05,3.64407E-05,4.72883E-05,8.93772E-05,0.000156437,8.29627E-05,0.00010018,0.000128484,4.25996E-05,4.94025E-05,4.64692E-05,0.000102514,8.6428E-05,6.81175E-05,5.47196E-05,7.2866E-05,5.1252E-05,4.07506E-05,9.22045E-05,
,6.11222E-05,6.19804E-05,6.5549E-05,6.81983E-05,6.14142E-05,4.27864E-05,5.54281E-05,0.000104598,6.11562E-05,8.25998E-05,7.76199E-05,8.9174E-05,4.97788E-05,8.27715E-05,7.4155E-05,4.94633E-05,5.3914E-05,7.26736E-05,5.70389E-05,4.74807E-05,3.05299E-05,5.76731E-05,6.03278E-05,5.09333E-05,7.73099E-05,8.6213E-05,0.000120888,1.32988E-05,7.65427E-05,8.91012E-05,7.10902E-05,0.000168497,5.32695E-05,3.35879E-05,5.76604E-05,6.28141E-05,6.16412E-05,6.67108E-05,5.8058E-05,6.33434E-05,6.14246E-05,2.58422E-05,4.00762E-05,5.3486E-05,7.11575E-05,8.92759E-05,7.25071E-05,4.51832E-05,8.25247E-05,4.27242E-05,3.58665E-05,6.00282E-05,4.02702E-05,6.43079E-05,4.69873E-05,7.12529E-05,4.46511E-05,7.78485E-05,5.21555E-05,5.62575E-05,4.13478E-05,6.01138E-05,6.91617E-05,0.000105974,3.86443E-05,8.36169E-05,4.53115E-05,8.58547E-05,7.7948E-05,7.22357E-05,4.00436E-05,4.54293E-05,7.57133E-05,0.000100219,6.22606E-05,7.03424E-05,8.14924E-05,3.77776E-05,3.83422E-05,5.10794E-05,7.29315E-05,7.62697E-05,5.92758E-05,5.70818E-05,7.00835E-05,3.74823E-05,3.26341E-05,6.65271E-05,
,9.74881E-06,1.83233E-05,2.0849E-05,2.18414E-05,2.81161E-05,7.47035E-06,1.63633E-05,-4.51338E-06,1.61991E-05,9.71823E-06,2.01778E-05,9.36906E-06,2.64541E-05,5.35365E-06,-1.43751E-05,2.29905E-05,1.59477E-05,2.11511E-05,2.63357E-05,3.89837E-05,4.10926E-05,1.88029E-05,2.2075E-05,2.16888E-05,1.75639E-05,7.45064E-06,1.32988E-05,0.000104916,1.19591E-05,-1.254E-05,6.76317E-06,-7.05097E-06,1.12894E-05,5.35148E-05,1.66136E-05,1.23729E-05,9.23082E-06,7.55388E-06,1.7944E-05,1.88235E-05,1.12256E-05,6.00135E-05,4.36705E-05,1.74254E-05,1.81864E-05,-1.05307E-05,1.79894E-05,2.52307E-05,-5.02044E-06,3.85331E-05,3.57503E-05,1.84045E-05,1.79683E-05,1.46666E-05,-2.18817E-06,1.62397E-05,2.48449E-05,9.22719E-06,6.19127E-06,2.61383E-05,4.01291E-05,2.32433E-05,2.21541E-05,-5.9386E-06,-1.47199E-05,1.86826E-05,1.7168E-05,2.62053E-06,1.31505E-05,1.31041E-05,3.74167E-05,1.81093E-05,1.37825E-05,-3.99118E-06,1.40002E-05,1.47735E-05,1.73663E-06,3.00584E-05,2.94866E-05,1.76872E-05,6.82156E-06,8.54156E-06,-3.23532E-05,2.31867E-05,1.64188E-05,3.46308E-05,2.89769E-05,1.98382E-05,
,7.06618E-05,6.8205E-05,7.18206E-05,7.81112E-05,6.72804E-05,4.97329E-05,6.70408E-05,0.000123463,5.72188E-05,9.51536E-05,8.90695E-05,9.68554E-05,4.83141E-05,0.000115794,7.33036E-05,4.62333E-05,5.60282E-05,7.19211E-05,6.86811E-05,4.0807E-05,2.36082E-05,6.30337E-05,6.93445E-05,4.7286E-05,9.78359E-05,0.000134841,7.65427E-05,1.19591E-05,0.000172296,0.000106591,9.1429E-05,0.000232734,6.70804E-05,3.61209E-05,7.60975E-05,8.01515E-05,6.99077E-05,8.85481E-05,6.54661E-05,8.30025E-05,9.65451E-05,2.68947E-05,3.56976E-05,7.44097E-05,8.65926E-05,0.000104911,9.93129E-05,4.8762E-05,9.72289E-05,3.7604E-05,3.43024E-05,6.99778E-05,5.32624E-05,6.83473E-05,7.25088E-05,7.47436E-05,4.39088E-05,9.86052E-05,5.62607E-05,5.6265E-05,4.39242E-05,7.77281E-05,7.98287E-05,0.000130335,8.32111E-05,7.66662E-05,7.59314E-05,0.000118927,9.54511E-05,7.7262E-05,3.2654E-05,5.40152E-05,8.5781E-05,0.000121427,8.72076E-05,8.99792E-05,0.000107404,4.16628E-05,4.646E-05,4.79503E-05,9.41538E-05,8.4383E-05,6.34505E-05,5.88651E-05,6.81805E-05,4.85577E-05,3.77412E-05,8.12073E-05,
,7.39828E-05,8.24255E-05,5.8389E-05,9.51436E-05,5.2877E-05,5.18227E-05,6.61863E-05,0.000163558,8.46149E-05,9.53488E-05,9.53648E-05,9.62707E-05,5.11801E-05,0.000125414,0.000139247,3.271E-05,6.73608E-05,8.7919E-05,4.43229E-05,2.8724E-05,5.83374E-06,7.09891E-05,5.99904E-05,5.39972E-05,0.000140584,0.00011837,8.91012E-05,-1.254E-05,0.000106591,0.000554724,0.000103466,0.000356282,8.23823E-05,3.82377E-05,5.88401E-05,7.71504E-05,7.27175E-05,8.42725E-05,5.34971E-05,5.32517E-05,7.15798E-05,6.03717E-05,2.7374E-05,6.91925E-05,7.90197E-05,0.000187855,7.36771E-05,3.57903E-05,9.91002E-05,3.03726E-05,2.73652E-05,7.7853E-05,3.23499E-05,8.28946E-05,6.70778E-05,7.87249E-05,3.39166E-05,9.1154E-05,7.4988E-05,5.58708E-05,3.18834E-05,5.16861E-05,8.10909E-05,0.000176031,0.000149116,6.72115E-05,7.34961E-05,0.00012287,0.00010814,9.27205E-05,2.34975E-05,4.49593E-05,8.22412E-05,0.000211187,7.43559E-05,7.17311E-05,0.000152818,3.02688E-05,4.20904E-05,5.33708E-05,9.77293E-05,0.000119478,0.000148777,5.86903E-05,8.07154E-05,4.24951E-05,3.11664E-05,0.00011139,
,6.88703E-05,6.88164E-05,6.87029E-05,7.75269E-05,6.76158E-05,8.66797E-05,6.4412E-05,0.000123941,6.90587E-05,9.4037E-05,7.70758E-05,9.40088E-05,4.46567E-05,0.000109599,9.50573E-05,5.74303E-05,6.49287E-05,8.54937E-05,6.17265E-05,4.27398E-05,2.71444E-05,6.7916E-05,6.20565E-05,5.3545E-05,9.37656E-05,0.000100532,7.10902E-05,6.76317E-06,9.1429E-05,0.000103466,0.00020291,0.000199466,7.50869E-05,3.74582E-05,6.04266E-05,8.17302E-05,6.91688E-05,0.000153951,6.52419E-05,7.71596E-05,7.27198E-05,4.18575E-05,3.87494E-05,7.17077E-05,7.87576E-05,9.15305E-05,7.6931E-05,4.64046E-05,9.76567E-05,3.89825E-05,3.34667E-05,7.47354E-05,4.24487E-05,8.12234E-05,0.000102651,7.35295E-05,4.32462E-05,8.35176E-05,6.73566E-05,5.63432E-05,3.65716E-05,5.98495E-05,7.41493E-05,0.000137125,6.00119E-05,7.72827E-05,6.9785E-05,0.000103544,9.6427E-05,8.81065E-05,3.69324E-05,5.03847E-05,7.33384E-05,9.20857E-05,8.37276E-05,7.15252E-05,8.64043E-05,4.16404E-05,4.55473E-05,6.43543E-05,9.03117E-05,9.41384E-05,8.61113E-05,6.43586E-05,7.33052E-05,5.19377E-05,3.93035E-05,6.79707E-05,
,0.000112417,0.000144174,0.000139873,0.000184509,9.97669E-05,0.000119321,0.000119186,0.000333872,0.000101569,0.000159534,0.000155379,0.00019966,9.61038E-05,0.00024586,0.000146111,8.78164E-05,0.00011263,0.000175135,0.000103994,6.40147E-05,6.95592E-06,0.000129767,0.000107119,7.10245E-05,0.00026681,0.000253019,0.000168497,-7.05097E-06,0.000232734,0.000356282,0.000199466,0.001401193,0.00012861,4.91021E-05,0.000114109,0.000163761,0.00012645,0.00018111,8.19559E-05,0.00013229,0.000167159,5.53275E-05,4.96388E-05,0.000127014,0.000138163,0.000314428,0.000158857,6.84865E-05,0.000190572,5.14116E-05,5.44551E-05,0.000136916,7.35762E-05,0.000109369,0.000127772,0.000137138,6.81716E-05,0.000199316,0.000144648,0.0001044,4.7527E-05,0.000114953,0.000138665,0.000335344,0.000441628,0.00015654,0.000130361,0.000310684,0.00015784,0.000167102,4.32039E-05,8.89492E-05,0.000177912,0.000333847,0.000178529,0.000163181,0.000262521,5.44138E-05,8.11358E-05,8.46176E-05,0.000182195,0.000215955,0.000242869,9.75955E-05,0.00012268,8.09073E-05,6.12925E-05,0.000195631,
,5.9455E-05,5.70888E-05,6.99725E-05,5.62469E-05,7.03272E-05,6.56232E-05,5.62458E-05,7.79123E-05,6.97196E-05,6.95699E-05,5.77304E-05,7.77766E-05,4.98005E-05,9.26224E-05,9.29358E-05,4.63457E-05,5.78978E-05,8.29116E-05,5.41639E-05,3.67297E-05,2.65323E-05,8.31417E-05,5.49289E-05,5.12679E-05,6.9056E-05,7.23794E-05,5.32695E-05,1.12894E-05,6.70804E-05,8.23823E-05,7.50869E-05,0.00012861,0.000237105,3.91269E-05,5.32795E-05,6.09364E-05,7.01311E-05,6.83333E-05,5.73545E-05,5.81977E-05,6.74447E-05,3.33615E-05,3.45384E-05,6.08402E-05,5.96597E-05,8.55607E-05,6.12543E-05,4.29373E-05,7.7935E-05,3.65568E-05,2.79733E-05,6.22803E-05,4.00303E-05,6.52287E-05,6.10049E-05,6.70779E-05,3.98485E-05,6.99193E-05,5.67492E-05,5.59968E-05,3.18748E-05,5.36008E-05,6.82084E-05,0.000104053,2.94926E-05,8.93813E-05,4.89806E-05,7.83677E-05,8.6239E-05,7.13251E-05,3.1244E-05,4.36094E-05,6.00081E-05,7.91075E-05,6.77901E-05,6.28343E-05,6.79788E-05,3.94634E-05,4.23597E-05,5.49885E-05,7.41106E-05,8.61038E-05,6.98368E-05,5.81722E-05,6.28809E-05,4.11731E-05,3.07338E-05,5.32931E-05,
,3.58954E-05,4.65535E-05,4.31651E-05,4.33383E-05,4.85154E-05,4.15638E-05,3.26542E-05,5.11439E-05,3.70083E-05,4.51546E-05,4.21029E-05,4.21414E-05,4.11597E-05,4.06875E-05,4.23316E-05,3.57038E-05,3.88939E-05,4.97237E-05,4.59832E-05,4.8726E-05,5.01576E-05,4.13767E-05,3.93109E-05,4.34319E-05,3.77617E-05,3.22741E-05,3.35879E-05,5.35148E-05,3.61209E-05,3.82377E-05,3.74582E-05,4.91021E-05,3.91269E-05,0.000122032,3.05559E-05,3.51409E-05,3.91245E-05,3.23278E-05,3.74902E-05,4.79618E-05,2.72696E-05,9.1841E-05,5.37862E-05,3.58542E-05,4.43625E-05,5.55066E-05,3.55998E-05,3.33724E-05,3.00067E-05,4.9114E-05,3.4545E-05,4.72526E-05,3.15781E-05,4.25432E-05,4.99467E-05,4.29176E-05,3.34305E-05,3.68959E-05,3.41059E-05,4.05037E-05,4.45522E-05,3.53726E-05,4.66316E-05,4.9074E-05,6.71507E-06,4.05416E-05,2.81807E-05,4.20829E-05,4.70915E-05,3.42348E-05,4.138E-05,3.80236E-05,3.3217E-05,3.20956E-05,3.62217E-05,3.81473E-05,2.4541E-05,4.18145E-05,3.57641E-05,4.92491E-05,4.28648E-05,4.9125E-05,3.60433E-06,4.75147E-05,4.3814E-05,4.3779E-05,4.28324E-05,3.84233E-05,
,5.6728E-05,5.76272E-05,6.84186E-05,5.39694E-05,6.02448E-05,3.33458E-05,5.528E-05,7.36355E-05,5.06783E-05,7.84534E-05,6.75919E-05,7.65213E-05,5.23543E-05,8.24534E-05,7.18205E-05,5.27094E-05,5.37871E-05,7.56597E-05,6.31321E-05,3.56886E-05,2.72607E-05,5.5487E-05,6.3592E-05,5.23862E-05,5.43103E-05,7.82628E-05,5.76604E-05,1.66136E-05,7.60975E-05,5.88401E-05,6.04266E-05,0.000114109,5.32795E-05,3.05559E-05,0.000126845,5.65539E-05,5.70125E-05,5.99491E-05,6.44281E-05,5.97342E-05,6.81785E-05,2.36889E-05,3.92235E-05,5.49995E-05,6.79406E-05,6.63196E-05,7.55868E-05,4.97074E-05,8.05853E-05,4.01921E-05,2.97335E-05,5.65528E-05,7.64203E-05,6.23654E-05,3.56757E-05,7.08276E-05,4.24838E-05,6.51912E-05,5.13565E-05,5.21953E-05,4.02403E-05,6.78693E-05,7.04764E-05,8.85691E-05,1.22016E-05,8.32638E-05,5.51694E-05,8.31699E-05,8.29511E-05,5.06961E-05,3.57232E-05,5.42895E-05,5.89088E-05,6.07551E-05,6.20505E-05,6.84741E-05,4.98345E-05,4.00106E-05,3.6416E-05,4.74374E-05,6.9738E-05,5.47099E-05,3.16045E-05,5.71002E-05,6.67256E-05,4.08155E-05,3.63163E-05,4.9635E-05,
,5.11513E-05,5.56525E-05,5.95364E-05,6.32692E-05,5.68407E-05,5.32197E-05,5.40151E-05,9.2686E-05,5.02992E-05,7.51068E-05,6.58955E-05,7.86632E-05,4.68127E-05,8.05311E-05,6.38242E-05,4.72784E-05,5.91599E-05,7.73579E-05,5.74391E-05,3.9169E-05,2.24351E-05,6.11843E-05,5.63912E-05,5.40961E-05,7.95788E-05,7.55864E-05,6.28141E-05,1.23729E-05,8.01515E-05,7.71504E-05,8.17302E-05,0.000163761,6.09364E-05,3.51409E-05,5.65539E-05,0.000185056,5.73313E-05,8.00081E-05,5.73951E-05,6.38004E-05,6.42037E-05,3.55522E-05,3.98305E-05,6.63268E-05,6.03797E-05,8.52243E-05,6.6026E-05,4.18065E-05,8.35143E-05,3.47736E-05,3.08248E-05,6.52104E-05,4.09364E-05,5.07383E-05,6.38487E-05,6.02512E-05,4.15162E-05,7.50807E-05,5.29917E-05,5.37462E-05,3.54267E-05,6.10863E-05,6.18676E-05,0.000108104,3.36916E-05,7.23086E-05,5.78499E-05,9.56991E-05,7.54935E-05,8.32021E-05,3.1353E-05,5.04822E-05,6.37373E-05,8.52703E-05,6.50876E-05,6.84508E-05,7.53803E-05,3.83268E-05,4.5166E-05,4.75641E-05,7.36478E-05,6.88622E-05,6.21231E-05,5.40891E-05,5.87247E-05,4.94835E-05,3.28587E-05,6.37186E-05,
,6.69396E-05,0.000120326,9.69512E-05,7.42391E-05,6.57844E-05,4.48618E-05,5.5209E-05,8.456E-05,6.46918E-05,7.12084E-05,6.1643E-05,9.27178E-05,6.16203E-05,9.56486E-05,0.000178745,9.92541E-05,9.97059E-05,0.000176377,5.07477E-05,3.48384E-05,1.96511E-05,6.54108E-05,6.56594E-05,7.63395E-05,5.94811E-05,6.11449E-05,6.16412E-05,9.23082E-06,6.99077E-05,7.27175E-05,6.91688E-05,0.00012645,7.01311E-05,3.91245E-05,5.70125E-05,5.73313E-05,0.000294167,6.4162E-05,7.10377E-05,5.76348E-05,5.15384E-05,2.97095E-05,3.30591E-05,5.75622E-05,7.68582E-05,0.000130627,6.27578E-05,6.71971E-05,8.34898E-05,4.17566E-05,3.22595E-05,6.16115E-05,4.93845E-05,5.60724E-05,7.01032E-05,7.32826E-05,4.74344E-05,6.81779E-05,0.000102075,7.13645E-05,3.62492E-05,6.14921E-05,7.4337E-05,0.000120569,5.29911E-05,0.000112103,2.51521E-05,8.06135E-05,8.07608E-05,7.1918E-05,3.52007E-05,8.03647E-05,5.72939E-05,6.22759E-05,7.93828E-05,6.0853E-05,6.02069E-05,3.83422E-05,3.63939E-05,5.55402E-05,7.90167E-05,9.19871E-05,7.86704E-05,7.51901E-05,7.12959E-05,4.25414E-05,4.0647E-05,5.74897E-05,
,6.96986E-05,5.78336E-05,6.93763E-05,6.93237E-05,6.74675E-05,7.82557E-05,6.33892E-05,0.00012858,6.11757E-05,9.30549E-05,7.55894E-05,0.000108842,5.01149E-05,9.92643E-05,8.15149E-05,4.71106E-05,6.22841E-05,7.82355E-05,6.14055E-05,4.265E-05,2.11015E-05,6.45325E-05,6.05274E-05,4.69852E-05,8.04049E-05,9.84602E-05,6.67108E-05,7.55388E-06,8.85481E-05,8.42725E-05,0.000153951,0.00018111,6.83333E-05,3.23278E-05,5.99491E-05,8.00081E-05,6.4162E-05,0.00024725,6.76633E-05,7.20579E-05,7.23761E-05,2.7703E-05,3.80737E-05,7.21743E-05,7.96287E-05,6.48448E-05,7.72E-05,4.45755E-05,9.56025E-05,3.14191E-05,3.21039E-05,6.96953E-05,3.87494E-05,8.0618E-05,9.1612E-05,7.06829E-05,4.16194E-05,9.32771E-05,6.21071E-05,6.32913E-05,3.36441E-05,6.65654E-05,7.30604E-05,0.000134997,3.89531E-05,6.94738E-05,7.24938E-05,9.64449E-05,0.000105541,8.6481E-05,3.34808E-05,5.39908E-05,7.27747E-05,8.60992E-05,8.59738E-05,7.15457E-05,7.61122E-05,3.58118E-05,4.34668E-05,6.71637E-05,8.60954E-05,9.49602E-05,8.15906E-05,6.31258E-05,7.1166E-05,4.12216E-05,4.42692E-05,6.21573E-05,
,9.1877E-05,8.32465E-05,7.48811E-05,5.06517E-05,6.87967E-05,4.95378E-05,5.07648E-05,7.64487E-05,0.000152978,8.33364E-05,6.55805E-05,0.000117694,6.92919E-05,7.76663E-05,9.59354E-05,4.80649E-05,6.3985E-05,9.56657E-05,4.8121E-05,4.10816E-05,3.14501E-05,5.84732E-05,6.50035E-05,4.66366E-05,5.63242E-05,6.29753E-05,5.8058E-05,1.7944E-05,6.54661E-05,5.34971E-05,6.52419E-05,8.19559E-05,5.73545E-05,3.74902E-05,6.44281E-05,5.73951E-05,7.10377E-05,6.76633E-05,0.000201616,4.77732E-05,4.65125E-05,2.97463E-05,4.38047E-05,6.57292E-05,8.77945E-05,9.85529E-05,6.82372E-05,5.32898E-05,7.54021E-05,4.09956E-05,3.5663E-05,5.31181E-05,4.99478E-05,6.71399E-05,2.89159E-05,9.53638E-05,5.27907E-05,9.70408E-05,6.13461E-05,6.81998E-05,4.7337E-05,6.46333E-05,0.000123066,0.00013939,6.27844E-05,0.000157419,9.54759E-05,7.60821E-05,0.000120191,7.48166E-05,4.16221E-05,5.44775E-05,5.98638E-05,6.77374E-05,7.54673E-05,6.93991E-05,5.36508E-05,4.38979E-05,3.53748E-05,4.69577E-05,7.32659E-05,0.000111204,9.74164E-05,6.49745E-05,9.25079E-05,3.83089E-05,3.71407E-05,5.22238E-05,
,5.18019E-05,6.33495E-05,6.57711E-05,6.19148E-05,6.69044E-05,7.72853E-05,5.68295E-05,6.8703E-05,4.88779E-05,8.01261E-05,6.58981E-05,7.18876E-05,4.55218E-05,9.07387E-05,6.67392E-05,4.30778E-05,5.90438E-05,6.78251E-05,6.74554E-05,5.03448E-05,3.8215E-05,5.88805E-05,6.49604E-05,5.45074E-05,6.81161E-05,8.73562E-05,6.33434E-05,1.88235E-05,8.30025E-05,5.32517E-05,7.71596E-05,0.00013229,5.81977E-05,4.79618E-05,5.97342E-05,6.38004E-05,5.76348E-05,7.20579E-05,4.77732E-05,0.00014076,8.0014E-05,3.36939E-05,4.998E-05,6.08415E-05,6.84038E-05,8.14541E-05,7.53178E-05,4.41783E-05,7.48607E-05,4.78918E-05,3.41509E-05,7.2923E-05,4.39669E-05,7.92036E-05,9.74679E-05,6.09149E-05,4.02673E-05,6.92677E-05,4.9815E-05,4.82264E-05,5.11196E-05,6.15526E-05,6.26342E-05,8.15102E-05,4.40054E-05,7.20134E-05,2.75317E-05,8.50044E-05,6.57331E-05,7.03475E-05,3.43972E-05,4.41101E-05,6.048E-05,7.44061E-05,5.97307E-05,6.96187E-05,6.97677E-05,4.50973E-05,4.20163E-05,7.07833E-05,8.22718E-05,6.35566E-05,4.11341E-05,5.28248E-05,5.78087E-05,4.93297E-05,4.78234E-05,5.70363E-05,
,5.18689E-05,5.01503E-05,6.41483E-05,5.82779E-05,4.84442E-05,5.61255E-05,5.31592E-05,5.12928E-05,4.94827E-05,7.97594E-05,6.96874E-05,6.21037E-05,4.33145E-05,8.48676E-05,5.5991E-05,3.36084E-05,6.55378E-05,5.64621E-05,5.93281E-05,3.65472E-05,2.12846E-05,5.71912E-05,5.46863E-05,4.2185E-05,7.38377E-05,9.62433E-05,6.14246E-05,1.12256E-05,9.65451E-05,7.15798E-05,7.27198E-05,0.000167159,6.74447E-05,2.72696E-05,6.81785E-05,6.42037E-05,5.15384E-05,7.23761E-05,4.65125E-05,8.0014E-05,0.000252877,1.55045E-05,3.35987E-05,7.02738E-05,5.64426E-05,6.94391E-05,7.88413E-05,4.78188E-05,8.25259E-05,3.93337E-05,2.72863E-05,6.36134E-05,4.27193E-05,5.84616E-05,7.19011E-05,5.40227E-05,3.08858E-05,5.27407E-05,5.17454E-05,4.19444E-05,4.39128E-05,6.05261E-05,5.85229E-05,7.49078E-05,7.92436E-05,7.9831E-05,1.71168E-05,9.22043E-05,6.03935E-05,3.6531E-05,2.57997E-05,3.82111E-05,6.65506E-05,9.19984E-05,4.78689E-05,6.87963E-05,7.22213E-05,3.5987E-05,4.13277E-05,4.9094E-05,7.77894E-05,5.84438E-05,4.45729E-05,4.00505E-05,4.57308E-05,4.70158E-05,3.49071E-05,6.18686E-05,
,3.09972E-05,3.53491E-05,4.02424E-05,4.16195E-05,4.27819E-05,2.38024E-05,2.88127E-05,7.72868E-05,3.421E-05,3.12311E-05,3.06592E-05,3.05644E-05,3.15524E-05,3.74606E-05,3.55787E-05,3.52592E-05,3.01314E-05,4.02284E-05,3.33003E-05,4.97023E-05,4.76537E-05,3.78564E-05,2.81168E-05,3.84969E-05,3.97555E-05,3.22975E-05,2.58422E-05,6.00135E-05,2.68947E-05,6.03717E-05,4.18575E-05,5.53275E-05,3.33615E-05,9.1841E-05,2.36889E-05,3.55522E-05,2.97095E-05,2.7703E-05,2.97463E-05,3.36939E-05,1.55045E-05,0.000209622,4.74E-05,4.07588E-05,3.15714E-05,5.96028E-05,2.91705E-05,2.65445E-05,1.81579E-05,4.77379E-05,3.50286E-05,3.92715E-05,2.43055E-05,3.19284E-05,2.87886E-05,3.26283E-05,3.01295E-05,3.02857E-05,2.75928E-05,3.11866E-05,3.76098E-05,2.63136E-05,3.75902E-05,4.41015E-05,2.04913E-05,2.00301E-05,4.87876E-05,3.49205E-05,3.42914E-05,4.34991E-05,4.07659E-05,3.21758E-05,2.49069E-05,4.16067E-05,3.89249E-05,2.55015E-05,2.71222E-05,4.37334E-05,3.98253E-05,3.29896E-05,3.14944E-05,5.19331E-05,2.20443E-05,3.97822E-05,3.30508E-05,4.64724E-05,3.68882E-05,3.3479E-05,
,4.632E-05,3.10181E-05,4.18295E-05,4.86723E-05,4.8132E-05,4.63414E-05,3.43176E-05,3.91449E-05,4.26467E-05,4.57998E-05,4.15496E-05,5.13432E-05,4.03965E-05,4.75996E-05,2.96581E-05,3.74235E-05,4.07017E-05,4.41245E-05,4.77858E-05,5.64341E-05,6.57145E-05,4.25613E-05,4.43157E-05,5.22919E-05,4.01002E-05,3.89975E-05,4.00762E-05,4.36705E-05,3.56976E-05,2.7374E-05,3.87494E-05,4.96388E-05,3.45384E-05,5.37862E-05,3.92235E-05,3.98305E-05,3.30591E-05,3.80737E-05,4.38047E-05,4.998E-05,3.35987E-05,4.74E-05,0.000166882,3.48309E-05,5.24321E-05,3.33799E-05,4.40609E-05,3.94867E-05,3.48139E-05,5.91334E-05,4.61795E-05,4.62025E-05,3.84574E-05,5.06407E-05,4.00011E-05,4.18324E-05,4.02528E-05,4.66213E-05,3.19151E-05,4.3304E-05,7.31724E-05,3.91589E-05,5.26074E-05,6.00347E-05,8.42658E-06,5.06146E-05,2.76659E-05,4.39309E-05,5.05144E-05,5.5786E-05,5.327E-05,3.43298E-05,3.67526E-05,3.61947E-05,3.65208E-05,3.81181E-05,3.26616E-05,5.53293E-05,4.35924E-05,4.7606E-05,4.03399E-05,5.15892E-05,2.27296E-06,4.41186E-05,3.9515E-05,4.53712E-05,5.03309E-05,3.53448E-05,
,5.86768E-05,6.08504E-05,6.81431E-05,6.00465E-05,6.04749E-05,4.15371E-05,5.8445E-05,0.000101724,5.69915E-05,6.90641E-05,6.4164E-05,7.77693E-05,4.9999E-05,8.4224E-05,5.87868E-05,3.83361E-05,5.53894E-05,6.09452E-05,5.75343E-05,4.26554E-05,2.56316E-05,5.50164E-05,5.7426E-05,4.61234E-05,6.65162E-05,7.08863E-05,5.3486E-05,1.74254E-05,7.44097E-05,6.91925E-05,7.17077E-05,0.000127014,6.08402E-05,3.58542E-05,5.49995E-05,6.63268E-05,5.75622E-05,7.21743E-05,6.57292E-05,6.08415E-05,7.02738E-05,4.07588E-05,3.48309E-05,0.000149231,7.82347E-05,7.32207E-05,6.33355E-05,4.73741E-05,7.82698E-05,3.83481E-05,3.72501E-05,5.65367E-05,4.72637E-05,5.60389E-05,5.22553E-05,6.80517E-05,3.99995E-05,7.31932E-05,5.71499E-05,4.8528E-05,4.40172E-05,5.76549E-05,7.67344E-05,0.000117275,3.47637E-05,7.38975E-05,6.00228E-05,8.09999E-05,8.45795E-05,6.92019E-05,3.75109E-05,4.76656E-05,5.78193E-05,7.30746E-05,6.70737E-05,6.42842E-05,5.80675E-05,3.6518E-05,4.31135E-05,4.49019E-05,7.23615E-05,7.63775E-05,4.95687E-05,4.77033E-05,6.54936E-05,4.72253E-05,3.99841E-05,6.12196E-05,
,8.9754E-05,8.5602E-05,8.19509E-05,7.07518E-05,8.09084E-05,6.51688E-05,6.31187E-05,0.000164635,8.89648E-05,8.68647E-05,7.2068E-05,0.000143069,6.38454E-05,9.64438E-05,0.000102128,5.00124E-05,6.42566E-05,8.37542E-05,5.94257E-05,4.36373E-05,3.02783E-05,6.73932E-05,7.431E-05,4.94535E-05,7.74737E-05,8.39421E-05,7.11575E-05,1.81864E-05,8.65926E-05,7.90197E-05,7.87576E-05,0.000138163,5.96597E-05,4.43625E-05,6.79406E-05,6.03797E-05,7.68582E-05,7.96287E-05,8.77945E-05,6.84038E-05,5.64426E-05,3.15714E-05,5.24321E-05,7.82347E-05,0.000234083,9.31725E-05,8.01308E-05,5.46821E-05,8.99172E-05,4.50167E-05,3.9847E-05,6.81245E-05,5.09777E-05,7.22225E-05,5.58169E-05,8.639E-05,4.66795E-05,0.000142537,5.93122E-05,6.74731E-05,5.24638E-05,7.4057E-05,0.000124471,0.000196986,3.86241E-05,0.000122489,7.32834E-05,9.73324E-05,0.000156134,7.42711E-05,4.49711E-05,5.95631E-05,7.71605E-05,8.95742E-05,0.000100536,7.45635E-05,7.35559E-05,4.63216E-05,4.50511E-05,4.91499E-05,8.15763E-05,9.75678E-05,9.72175E-05,6.46572E-05,7.97141E-05,5.0574E-05,4.25378E-05,6.95382E-05,
,0.000107448,0.000161713,0.000118773,9.62372E-05,7.49149E-05,0.00014796,6.92779E-05,0.000142369,9.76246E-05,0.000101075,8.25983E-05,0.000174495,8.23758E-05,0.000121065,0.000267316,0.000124121,0.000108733,0.000197447,5.79712E-05,4.16077E-05,1.72737E-05,7.72662E-05,9.09321E-05,7.04637E-05,9.33775E-05,0.000101612,8.92759E-05,-1.05307E-05,0.000104911,0.000187855,9.15305E-05,0.000314428,8.55607E-05,5.55066E-05,6.63196E-05,8.52243E-05,0.000130627,6.48448E-05,9.85529E-05,8.14541E-05,6.94391E-05,5.96028E-05,3.33799E-05,7.32207E-05,9.31725E-05,0.001705509,8.85366E-05,5.973E-05,0.00011845,4.53679E-05,2.23247E-05,7.76106E-05,4.58565E-05,8.37382E-05,0.000121182,0.000112503,3.90498E-05,0.000118224,0.000117161,9.27533E-05,4.35324E-05,6.47402E-05,9.48023E-05,0.000214727,0.000200817,0.0001248,3.18869E-05,0.00010386,0.000139442,5.72738E-05,1.89213E-05,9.3052E-05,7.02985E-05,0.00018206,9.59111E-05,7.63157E-05,0.000102996,4.1237E-05,3.67843E-05,6.65153E-05,9.09143E-05,0.000110303,0.000213022,7.64383E-05,0.000102511,3.68E-05,3.42982E-05,6.40548E-05,
,6.8508E-05,6.61416E-05,6.94369E-05,6.64757E-05,7.16851E-05,5.25454E-05,6.32994E-05,8.85674E-05,6.75709E-05,9.6757E-05,7.79572E-05,9.68239E-05,5.30402E-05,9.7972E-05,7.83446E-05,5.10253E-05,5.27691E-05,7.17825E-05,6.89565E-05,4.6715E-05,3.15363E-05,5.95058E-05,6.84694E-05,5.11434E-05,7.58544E-05,0.000107336,7.25071E-05,1.79894E-05,9.93129E-05,7.36771E-05,7.6931E-05,0.000158857,6.12543E-05,3.55998E-05,7.55868E-05,6.6026E-05,6.27578E-05,7.72E-05,6.82372E-05,7.53178E-05,7.88413E-05,2.91705E-05,4.40609E-05,6.33355E-05,8.01308E-05,8.85366E-05,0.000121682,5.32867E-05,8.80487E-05,4.59779E-05,3.57576E-05,6.81995E-05,5.32546E-05,6.93968E-05,5.71824E-05,7.42819E-05,4.81355E-05,9.21215E-05,5.32898E-05,5.46547E-05,4.53848E-05,8.35075E-05,8.15702E-05,0.000105865,5.68538E-05,7.43111E-05,6.44125E-05,9.83987E-05,9.40612E-05,7.02379E-05,3.95043E-05,5.13113E-05,7.38906E-05,8.4543E-05,6.99665E-05,8.43696E-05,7.23487E-05,4.57987E-05,4.72186E-05,5.18299E-05,8.45646E-05,6.93613E-05,6.3143E-05,6.05138E-05,6.7048E-05,4.65283E-05,3.93222E-05,6.38726E-05,
,4.4146E-05,7.44987E-05,6.55707E-05,4.74694E-05,5.25105E-05,2.43074E-05,4.52109E-05,4.74846E-05,4.73488E-05,5.77691E-05,4.89659E-05,5.8414E-05,5.36867E-05,6.05902E-05,6.69844E-05,6.01337E-05,6.22787E-05,8.67229E-05,4.82711E-05,4.36373E-05,3.62341E-05,4.45076E-05,4.37047E-05,4.81892E-05,4.9958E-05,4.80765E-05,4.51832E-05,2.52307E-05,4.8762E-05,3.57903E-05,4.64046E-05,6.84865E-05,4.29373E-05,3.33724E-05,4.97074E-05,4.18065E-05,6.71971E-05,4.45755E-05,5.32898E-05,4.41783E-05,4.78188E-05,2.65445E-05,3.94867E-05,4.73741E-05,5.46821E-05,5.973E-05,5.32867E-05,9.04983E-05,5.66119E-05,4.24388E-05,3.37204E-05,4.23528E-05,4.19387E-05,4.39833E-05,2.76737E-05,5.78166E-05,4.29108E-05,5.14942E-05,5.85353E-05,6.02227E-05,3.73598E-05,5.57335E-05,5.69237E-05,5.05121E-05,6.33947E-06,4.55475E-05,3.6454E-05,5.3221E-05,5.36366E-05,5.09521E-05,3.99982E-05,5.56743E-05,4.62392E-05,4.57802E-05,5.3198E-05,4.95783E-05,4.31388E-05,3.54805E-05,3.74562E-05,4.05057E-05,5.51207E-05,4.90967E-05,2.44781E-05,5.33862E-05,5.4292E-05,4.2181E-05,3.9428E-05,4.87532E-05,
,7.66046E-05,8.01986E-05,8.54464E-05,8.18792E-05,7.5123E-05,6.7871E-05,8.26236E-05,0.000112061,7.2106E-05,0.000100389,8.4627E-05,0.000101928,5.6804E-05,0.000131381,0.0001131,6.29405E-05,8.3562E-05,0.00010053,8.49059E-05,4.25423E-05,2.4393E-05,7.59876E-05,7.64107E-05,6.34781E-05,9.50458E-05,0.00010566,8.25247E-05,-5.02044E-06,9.72289E-05,9.91002E-05,9.76567E-05,0.000190572,7.7935E-05,3.00067E-05,8.05853E-05,8.35143E-05,8.34898E-05,9.56025E-05,7.54021E-05,7.48607E-05,8.25259E-05,1.81579E-05,3.48139E-05,7.82698E-05,8.99172E-05,0.00011845,8.80487E-05,5.66119E-05,0.000173923,4.23075E-05,3.31134E-05,7.8971E-05,5.67042E-05,8.72817E-05,8.07566E-05,9.09639E-05,5.2251E-05,9.24844E-05,7.92619E-05,6.29148E-05,3.50612E-05,7.46205E-05,8.99968E-05,0.000135591,2.25208E-05,9.72813E-05,6.64911E-05,0.000119535,0.000102335,8.55644E-05,3.56429E-05,6.47506E-05,7.9562E-05,0.000103869,8.50767E-05,8.88895E-05,8.81804E-05,4.44438E-05,4.59413E-05,6.18209E-05,0.000113174,8.41867E-05,7.13883E-05,7.45253E-05,8.63025E-05,4.90004E-05,4.15795E-05,8.09879E-05,
,3.84018E-05,4.1785E-05,4.5622E-05,5.04324E-05,4.62531E-05,2.53378E-05,3.89165E-05,2.15461E-05,3.75915E-05,4.61934E-05,4.53729E-05,4.18886E-05,3.68565E-05,4.90468E-05,3.13032E-05,4.30448E-05,4.1293E-05,4.88727E-05,4.80633E-05,7.28632E-05,7.61343E-05,4.23879E-05,3.87478E-05,5.05982E-05,4.43853E-05,4.43307E-05,4.27242E-05,3.85331E-05,3.7604E-05,3.03726E-05,3.89825E-05,5.14116E-05,3.65568E-05,4.9114E-05,4.01921E-05,3.47736E-05,4.17566E-05,3.14191E-05,4.09956E-05,4.78918E-05,3.93337E-05,4.77379E-05,5.91334E-05,3.83481E-05,4.50167E-05,4.53679E-05,4.59779E-05,4.24388E-05,4.23075E-05,0.00010847,4.55126E-05,4.36711E-05,2.79197E-05,4.35002E-05,3.13044E-05,4.16966E-05,3.96775E-05,4.03508E-05,3.65716E-05,4.13451E-05,5.89684E-05,4.26062E-05,4.76123E-05,5.95299E-05,-1.42739E-05,4.55301E-05,2.96043E-05,4.65666E-05,4.12725E-05,5.68815E-05,5.27029E-05,3.73194E-05,3.85049E-05,3.11268E-05,3.74474E-05,3.9944E-05,3.52377E-05,4.14258E-05,4.55369E-05,3.95147E-05,4.33338E-05,3.64902E-05,1.02233E-06,4.30403E-05,4.21614E-05,4.7268E-05,4.68124E-05,4.09177E-05,
,3.22732E-05,2.93779E-05,3.71966E-05,4.29052E-05,4.24314E-05,1.76266E-05,3.27736E-05,4.85735E-05,3.44307E-05,3.35404E-05,3.89399E-05,3.90351E-05,3.43639E-05,4.08668E-05,1.32586E-05,2.76504E-05,2.78844E-05,3.27156E-05,3.78144E-05,4.80116E-05,4.41868E-05,3.28604E-05,3.07513E-05,3.67256E-05,3.84364E-05,3.50791E-05,3.58665E-05,3.57503E-05,3.43024E-05,2.73652E-05,3.34667E-05,5.44551E-05,2.79733E-05,3.4545E-05,2.97335E-05,3.08248E-05,3.22595E-05,3.21039E-05,3.5663E-05,3.41509E-05,2.72863E-05,3.50286E-05,4.61795E-05,3.72501E-05,3.9847E-05,2.23247E-05,3.57576E-05,3.37204E-05,3.31134E-05,4.55126E-05,7.31902E-05,3.28476E-05,3.03088E-05,3.44532E-05,2.55095E-05,3.7504E-05,3.66385E-05,3.29934E-05,2.81639E-05,3.48799E-05,4.53192E-05,3.73338E-05,4.40042E-05,4.37833E-05,5.09776E-06,4.63773E-05,3.79834E-05,3.26518E-05,3.68776E-05,4.21208E-05,5.21844E-05,2.75659E-05,3.45909E-05,2.52774E-05,3.51141E-05,3.18443E-05,2.99414E-05,3.24812E-05,3.38705E-05,2.9596E-05,3.83321E-05,3.89247E-05,1.74142E-05,3.22119E-05,3.67646E-05,3.75277E-05,3.5807E-05,3.37271E-05,
,5.89849E-05,6.78389E-05,6.67725E-05,6.48638E-05,6.39751E-05,6.45653E-05,5.07846E-05,0.000106891,5.0834E-05,9.27221E-05,6.88046E-05,8.37605E-05,4.91211E-05,8.46145E-05,9.1304E-05,4.36859E-05,6.70463E-05,7.98127E-05,6.20651E-05,4.68649E-05,4.00161E-05,6.77918E-05,6.38237E-05,5.08369E-05,5.83519E-05,7.05277E-05,6.00282E-05,1.84045E-05,6.99778E-05,7.7853E-05,7.47354E-05,0.000136916,6.22803E-05,4.72526E-05,5.65528E-05,6.52104E-05,6.16115E-05,6.96953E-05,5.31181E-05,7.2923E-05,6.36134E-05,3.92715E-05,4.62025E-05,5.65367E-05,6.81245E-05,7.76106E-05,6.81995E-05,4.23528E-05,7.8971E-05,4.36711E-05,3.28476E-05,0.000152319,4.55919E-05,8.26163E-05,8.21864E-05,6.57354E-05,4.45279E-05,6.98344E-05,5.25514E-05,5.6621E-05,5.04311E-05,5.93413E-05,6.67418E-05,0.000111983,5.88628E-05,6.22709E-05,4.37201E-05,8.24919E-05,7.94422E-05,8.55909E-05,3.61577E-05,4.62877E-05,6.02173E-05,7.06155E-05,5.56238E-05,6.61702E-05,5.17163E-05,4.50948E-05,4.02278E-05,6.28264E-05,7.62172E-05,6.56226E-05,6.30752E-05,5.76514E-05,6.06814E-05,4.19122E-05,4.1274E-05,5.14563E-05,
,4.6337E-05,6.02693E-05,5.14174E-05,3.54401E-05,4.96949E-05,3.23211E-05,4.19425E-05,5.66624E-05,3.88673E-05,5.80864E-05,4.87371E-05,4.97142E-05,3.67163E-05,5.84833E-05,5.37581E-05,4.63493E-05,4.19265E-05,6.42017E-05,4.78889E-05,3.1717E-05,2.90135E-05,4.34607E-05,4.88167E-05,4.24552E-05,3.71392E-05,5.12801E-05,4.02702E-05,1.79683E-05,5.32624E-05,3.23499E-05,4.24487E-05,7.35762E-05,4.00303E-05,3.15781E-05,7.64203E-05,4.09364E-05,4.93845E-05,3.87494E-05,4.99478E-05,4.39669E-05,4.27193E-05,2.43055E-05,3.84574E-05,4.72637E-05,5.09777E-05,4.58565E-05,5.32546E-05,4.19387E-05,5.67042E-05,2.79197E-05,3.03088E-05,4.55919E-05,0.000108969,5.07355E-05,3.12908E-05,5.46184E-05,3.69044E-05,4.73123E-05,4.18905E-05,4.03022E-05,3.79949E-05,5.34387E-05,5.50189E-05,6.92684E-05,1.95441E-05,5.60794E-05,4.42516E-05,6.06673E-05,6.36776E-05,3.32713E-05,3.2592E-05,4.84053E-05,3.9898E-05,3.79221E-05,3.84368E-05,5.56672E-05,2.98169E-05,3.18548E-05,2.92365E-05,4.16879E-05,5.27917E-05,4.48727E-05,4.03654E-05,4.84084E-05,5.20069E-05,2.90345E-05,3.68611E-05,3.80778E-05,
,5.84638E-05,6.53995E-05,6.62427E-05,5.47937E-05,7.60876E-05,7.79233E-05,5.15676E-05,8.0741E-05,6.86628E-05,8.98953E-05,6.99957E-05,7.7212E-05,4.98145E-05,8.5745E-05,8.11569E-05,5.1436E-05,6.99557E-05,8.34395E-05,6.3859E-05,4.35383E-05,3.56103E-05,6.07872E-05,6.47034E-05,6.47699E-05,5.56729E-05,7.14382E-05,6.43079E-05,1.46666E-05,6.83473E-05,8.28946E-05,8.12234E-05,0.000109369,6.52287E-05,4.25432E-05,6.23654E-05,5.07383E-05,5.60724E-05,8.0618E-05,6.71399E-05,7.92036E-05,5.84616E-05,3.19284E-05,5.06407E-05,5.60389E-05,7.22225E-05,8.37382E-05,6.93968E-05,4.39833E-05,8.72817E-05,4.35002E-05,3.44532E-05,8.26163E-05,5.07355E-05,0.000198662,0.000101745,7.04512E-05,4.98015E-05,6.89075E-05,6.54707E-05,5.54657E-05,4.42038E-05,6.12931E-05,7.20813E-05,9.78935E-05,1.5156E-05,9.07756E-05,3.7758E-05,8.18194E-05,8.71E-05,0.000100765,3.87447E-05,5.02299E-05,5.66678E-05,6.58E-05,6.57861E-05,6.82416E-05,5.57067E-05,5.44119E-05,4.14275E-05,7.43652E-05,8.08929E-05,8.17469E-05,6.04294E-05,6.74356E-05,6.83947E-05,4.31934E-05,5.65061E-05,4.84869E-05,
,3.63563E-05,7.53558E-05,6.32401E-05,6.12365E-05,6.39165E-05,0.000237707,5.24513E-05,4.85921E-05,1.54691E-05,6.94301E-05,6.32334E-05,4.46488E-05,2.69058E-05,9.97524E-05,8.71684E-05,4.07426E-05,7.01494E-05,7.2709E-05,5.96597E-05,3.11203E-05,3.29178E-05,5.92321E-05,5.3349E-05,5.01739E-05,6.23688E-05,6.79517E-05,4.69873E-05,-2.18817E-06,7.25088E-05,6.70778E-05,0.000102651,0.000127772,6.10049E-05,4.99467E-05,3.56757E-05,6.38487E-05,7.01032E-05,9.1612E-05,2.89159E-05,9.74679E-05,7.19011E-05,2.87886E-05,4.00011E-05,5.22553E-05,5.58169E-05,0.000121182,5.71824E-05,2.76737E-05,8.07566E-05,3.13044E-05,2.55095E-05,8.21864E-05,3.12908E-05,0.000101745,0.000506001,4.94278E-05,2.36601E-05,5.03934E-05,6.15613E-05,4.81384E-05,3.31374E-05,4.32263E-05,3.91938E-05,7.43299E-05,-4.22597E-06,6.33245E-05,5.7712E-05,9.55492E-05,4.92181E-05,7.0069E-05,2.53617E-05,4.64803E-05,5.23798E-05,6.1129E-05,4.27603E-05,5.74461E-05,5.45495E-05,5.28452E-05,4.54303E-05,0.000135111,8.80485E-05,6.35456E-05,0.000101935,5.81242E-05,5.72479E-05,4.89637E-05,7.22258E-05,4.1959E-05,
,8.72591E-05,7.99532E-05,8.35537E-05,6.37927E-05,7.60918E-05,4.56844E-05,6.01755E-05,0.000124845,0.000103243,9.21528E-05,8.28005E-05,0.00011566,7.09121E-05,9.22707E-05,9.87077E-05,6.4991E-05,5.66648E-05,9.55633E-05,5.79946E-05,4.95074E-05,3.3315E-05,5.75068E-05,7.10331E-05,5.3919E-05,6.98526E-05,7.69586E-05,7.12529E-05,1.62397E-05,7.47436E-05,7.87249E-05,7.35295E-05,0.000137138,6.70779E-05,4.29176E-05,7.08276E-05,6.02512E-05,7.32826E-05,7.06829E-05,9.53638E-05,6.09149E-05,5.40227E-05,3.26283E-05,4.18324E-05,6.80517E-05,8.639E-05,0.000112503,7.42819E-05,5.78166E-05,9.09639E-05,4.16966E-05,3.7504E-05,6.57354E-05,5.46184E-05,7.04512E-05,4.94278E-05,0.000156907,5.61902E-05,0.000101583,5.25139E-05,7.06156E-05,4.61901E-05,6.97367E-05,0.000103233,0.000145145,7.49432E-05,0.000118622,6.15185E-05,8.93779E-05,0.000130965,8.14525E-05,4.36561E-05,5.54779E-05,7.23907E-05,8.19585E-05,9.09012E-05,7.74568E-05,6.60104E-05,4.36952E-05,3.61693E-05,6.02464E-05,8.51874E-05,0.000104551,8.58394E-05,6.828E-05,0.000131696,3.96916E-05,4.15322E-05,6.2963E-05,
,4.82057E-05,3.8879E-05,4.69681E-05,3.52599E-05,4.82677E-05,1.39499E-05,3.90776E-05,5.84422E-05,5.71519E-05,5.13602E-05,4.80305E-05,6.27401E-05,3.71759E-05,4.87286E-05,3.48277E-05,3.7801E-05,3.48781E-05,4.7084E-05,3.61605E-05,4.0543E-05,3.23726E-05,3.6134E-05,3.68043E-05,4.06077E-05,4.48758E-05,3.96417E-05,4.46511E-05,2.48449E-05,4.39088E-05,3.39166E-05,4.32462E-05,6.81716E-05,3.98485E-05,3.34305E-05,4.24838E-05,4.15162E-05,4.74344E-05,4.16194E-05,5.27907E-05,4.02673E-05,3.08858E-05,3.01295E-05,4.02528E-05,3.99995E-05,4.66795E-05,3.90498E-05,4.81355E-05,4.29108E-05,5.2251E-05,3.96775E-05,3.66385E-05,4.45279E-05,3.69044E-05,4.98015E-05,2.36601E-05,5.61902E-05,0.000109075,4.81469E-05,3.33466E-05,3.92213E-05,3.76348E-05,4.55551E-05,5.9444E-05,5.45048E-05,1.11344E-05,5.36193E-05,3.14947E-05,4.88874E-05,5.52622E-05,5.22462E-05,3.68683E-05,3.63354E-05,4.01675E-05,4.42117E-05,4.34219E-05,4.13348E-05,3.48377E-05,3.13685E-05,2.77066E-05,3.99531E-05,4.99821E-05,5.51566E-05,3.46027E-05,4.24869E-05,5.36648E-05,3.23013E-05,3.6393E-05,4.06155E-05,
,0.00010366,8.16128E-05,7.90926E-05,7.43721E-05,8.01887E-05,5.7994E-05,6.13515E-05,0.000232666,9.27925E-05,0.000105928,7.8783E-05,0.000200075,6.85561E-05,0.000113377,0.000126044,5.40468E-05,6.22495E-05,9.2591E-05,5.6318E-05,4.00454E-05,2.99823E-05,5.84301E-05,7.31864E-05,4.05058E-05,7.99995E-05,9.94423E-05,7.78485E-05,9.22719E-06,9.86052E-05,9.1154E-05,8.35176E-05,0.000199316,6.99193E-05,3.68959E-05,6.51912E-05,7.50807E-05,6.81779E-05,9.32771E-05,9.70408E-05,6.92677E-05,5.27407E-05,3.02857E-05,4.66213E-05,7.31932E-05,0.000142537,0.000118224,9.21215E-05,5.14942E-05,9.24844E-05,4.03508E-05,3.29934E-05,6.98344E-05,4.73123E-05,6.89075E-05,5.03934E-05,0.000101583,4.81469E-05,0.000262225,6.12033E-05,7.16843E-05,4.72262E-05,7.66546E-05,0.000111024,0.000250971,8.18303E-05,0.000129513,8.79567E-05,0.000110569,0.000195525,9.83315E-05,3.77919E-05,5.66547E-05,8.41268E-05,9.00616E-05,0.000120399,8.83267E-05,8.31861E-05,4.63244E-05,3.90197E-05,4.86941E-05,8.96099E-05,0.000122869,0.000129249,7.109E-05,9.2887E-05,4.11733E-05,3.14396E-05,6.81259E-05,
,5.11744E-05,0.000119205,8.62263E-05,5.80273E-05,5.80032E-05,6.09894E-05,5.50389E-05,5.42399E-05,5.58648E-05,7.01554E-05,4.92697E-05,7.7254E-05,5.84436E-05,9.53814E-05,0.00013015,9.34697E-05,0.000192696,0.000135686,5.06099E-05,3.83061E-05,2.0994E-05,5.29688E-05,5.11986E-05,0.000100754,5.06016E-05,5.72532E-05,5.21555E-05,6.19127E-06,5.62607E-05,7.4988E-05,6.73566E-05,0.000144648,5.67492E-05,3.41059E-05,5.13565E-05,5.29917E-05,0.000102075,6.21071E-05,6.13461E-05,4.9815E-05,5.17454E-05,2.75928E-05,3.19151E-05,5.71499E-05,5.93122E-05,0.000117161,5.32898E-05,5.85353E-05,7.92619E-05,3.65716E-05,2.81639E-05,5.25514E-05,4.18905E-05,6.54707E-05,6.15613E-05,5.25139E-05,3.33466E-05,6.12033E-05,0.000284806,6.59701E-05,3.37042E-05,4.94865E-05,5.50414E-05,9.39915E-05,-1.59136E-05,6.22301E-05,4.22649E-05,7.89083E-05,4.07373E-05,8.06919E-05,2.83883E-05,7.84713E-05,5.13185E-05,6.28536E-05,7.12928E-05,6.10746E-05,4.59458E-05,3.60129E-05,2.68101E-05,5.46112E-05,7.89334E-05,7.68103E-05,6.66822E-05,7.7672E-05,5.97734E-05,3.87646E-05,4.70648E-05,5.17754E-05,
,5.71663E-05,8.7668E-05,8.9568E-05,5.31534E-05,5.87102E-05,2.70093E-05,4.85926E-05,8.5362E-05,6.00792E-05,6.45056E-05,6.4176E-05,8.63264E-05,7.93607E-05,6.57538E-05,0.000101418,6.391E-05,6.84685E-05,9.53393E-05,5.13158E-05,4.12419E-05,3.38673E-05,5.36642E-05,5.03945E-05,5.79476E-05,5.06547E-05,5.36701E-05,5.62575E-05,2.61383E-05,5.6265E-05,5.58708E-05,5.63432E-05,0.0001044,5.59968E-05,4.05037E-05,5.21953E-05,5.37462E-05,7.13645E-05,6.32913E-05,6.81998E-05,4.82264E-05,4.19444E-05,3.11866E-05,4.3304E-05,4.8528E-05,6.74731E-05,9.27533E-05,5.46547E-05,6.02227E-05,6.29148E-05,4.13451E-05,3.48799E-05,5.6621E-05,4.03022E-05,5.54657E-05,4.81384E-05,7.06156E-05,3.92213E-05,7.16843E-05,6.59701E-05,0.000142193,4.30916E-05,5.54401E-05,6.7594E-05,9.88926E-05,2.68604E-07,8.4259E-05,4.41135E-05,5.87715E-05,7.89491E-05,7.23599E-05,3.90189E-05,5.92932E-05,5.63126E-05,5.26236E-05,7.01631E-05,5.84305E-05,4.4014E-05,4.17471E-05,3.22917E-05,4.92448E-05,5.5293E-05,8.08773E-05,5.80057E-05,7.35348E-05,7.20516E-05,3.33824E-05,4.24363E-05,4.96946E-05,
,4.24647E-05,3.85017E-05,4.2821E-05,5.24199E-05,4.84932E-05,3.12067E-05,3.83301E-05,4.24751E-05,4.45285E-05,4.74952E-05,4.3749E-05,5.28086E-05,3.93948E-05,4.92281E-05,2.60579E-05,2.78074E-05,3.8945E-05,3.91221E-05,4.49214E-05,5.56898E-05,5.84591E-05,4.00868E-05,4.31905E-05,4.77464E-05,4.53331E-05,4.46188E-05,4.13478E-05,4.01291E-05,4.39242E-05,3.18834E-05,3.65716E-05,4.7527E-05,3.18748E-05,4.45522E-05,4.02403E-05,3.54267E-05,3.62492E-05,3.36441E-05,4.7337E-05,5.11196E-05,4.39128E-05,3.76098E-05,7.31724E-05,4.40172E-05,5.24638E-05,4.35324E-05,4.53848E-05,3.73598E-05,3.50612E-05,5.89684E-05,4.53192E-05,5.04311E-05,3.79949E-05,4.42038E-05,3.31374E-05,4.61901E-05,3.76348E-05,4.72262E-05,3.37042E-05,4.30916E-05,0.000113034,4.28821E-05,5.2513E-05,6.1436E-05,5.70157E-06,5.63804E-05,2.65551E-05,4.09136E-05,4.69972E-05,5.42717E-05,5.13827E-05,3.14103E-05,4.18218E-05,3.42621E-05,3.14388E-05,3.93204E-05,3.63531E-05,4.68916E-05,3.99418E-05,4.14333E-05,4.65843E-05,5.12859E-05,3.3211E-05,3.89301E-05,4.48172E-05,4.21273E-05,4.75596E-05,4.43486E-05,
,6.11231E-05,6.81515E-05,6.67979E-05,5.62659E-05,6.4571E-05,3.05322E-05,5.5495E-05,7.67003E-05,5.83313E-05,8.01895E-05,6.44782E-05,8.67145E-05,5.53688E-05,7.68456E-05,6.36453E-05,4.72245E-05,5.26959E-05,6.75919E-05,6.15446E-05,4.22169E-05,3.10839E-05,5.53027E-05,6.07022E-05,4.84298E-05,6.32757E-05,7.94367E-05,6.01138E-05,2.32433E-05,7.77281E-05,5.16861E-05,5.98495E-05,0.000114953,5.36008E-05,3.53726E-05,6.78693E-05,6.10863E-05,6.14921E-05,6.65654E-05,6.46333E-05,6.15526E-05,6.05261E-05,2.63136E-05,3.91589E-05,5.76549E-05,7.4057E-05,6.47402E-05,8.35075E-05,5.57335E-05,7.46205E-05,4.26062E-05,3.73338E-05,5.93413E-05,5.34387E-05,6.12931E-05,4.32263E-05,6.97367E-05,4.55551E-05,7.66546E-05,4.94865E-05,5.54401E-05,4.28821E-05,0.000111198,7.25803E-05,8.82488E-05,2.03694E-05,6.91656E-05,5.654E-05,7.4813E-05,8.29124E-05,5.34719E-05,3.96805E-05,4.87109E-05,6.29401E-05,5.86776E-05,6.91439E-05,7.62904E-05,5.60333E-05,3.87597E-05,3.85432E-05,4.27523E-05,7.12782E-05,6.44225E-05,4.89114E-05,5.73695E-05,6.49773E-05,4.41269E-05,3.98237E-05,5.84441E-05,
,0.000100098,8.47061E-05,8.14956E-05,6.84075E-05,8.24069E-05,4.32727E-05,6.16487E-05,9.32667E-05,0.000130518,8.75449E-05,7.44736E-05,0.000127783,7.14899E-05,9.13821E-05,8.66098E-05,5.39692E-05,6.23703E-05,9.51641E-05,6.0266E-05,4.73284E-05,3.59419E-05,6.7321E-05,7.22834E-05,5.73036E-05,7.47949E-05,7.85797E-05,6.91617E-05,2.21541E-05,7.98287E-05,8.10909E-05,7.41493E-05,0.000138665,6.82084E-05,4.66316E-05,7.04764E-05,6.18676E-05,7.4337E-05,7.30604E-05,0.000123066,6.26342E-05,5.85229E-05,3.75902E-05,5.26074E-05,7.67344E-05,0.000124471,9.48023E-05,8.15702E-05,5.69237E-05,8.99968E-05,4.76123E-05,4.40042E-05,6.67418E-05,5.50189E-05,7.20813E-05,3.91938E-05,0.000103233,5.9444E-05,0.000111024,5.50414E-05,6.7594E-05,5.2513E-05,7.25803E-05,0.000199448,0.000158065,7.01322E-05,0.000133772,9.02362E-05,8.63707E-05,0.000142634,8.63961E-05,4.65134E-05,5.80533E-05,7.16962E-05,7.89637E-05,9.15217E-05,7.79544E-05,6.34115E-05,4.70565E-05,4.2153E-05,5.0151E-05,8.28215E-05,0.000107715,9.69801E-05,6.99062E-05,9.85491E-05,5.09421E-05,4.38965E-05,6.11294E-05,
,0.000140361,0.000118028,0.000111717,0.000114488,9.87477E-05,8.55495E-05,7.64514E-05,0.000385768,0.00011342,0.000148179,0.000119549,0.000258035,8.8475E-05,0.000160489,0.000172842,6.9806E-05,9.00169E-05,0.000149769,6.74856E-05,5.93568E-05,3.71526E-05,8.81858E-05,9.56703E-05,6.6734E-05,0.000120432,0.000127488,0.000105974,-5.9386E-06,0.000130335,0.000176031,0.000137125,0.000335344,0.000104053,4.9074E-05,8.85691E-05,0.000108104,0.000120569,0.000134997,0.00013939,8.15102E-05,7.49078E-05,4.41015E-05,6.00347E-05,0.000117275,0.000196986,0.000214727,0.000105865,5.05121E-05,0.000135591,5.95299E-05,4.37833E-05,0.000111983,6.92684E-05,9.78935E-05,7.43299E-05,0.000145145,5.45048E-05,0.000250971,9.39915E-05,9.88926E-05,6.1436E-05,8.82488E-05,0.000158065,0.000811694,0.000109137,0.000192687,0.000107562,0.000163358,0.000302943,0.000131441,5.38671E-05,8.00265E-05,0.000112406,0.000148525,0.000181558,0.00011292,0.000121196,5.75401E-05,5.27281E-05,5.7875E-05,0.000120434,0.000194808,0.000213826,8.67091E-05,0.000139839,5.4705E-05,4.76182E-05,0.000103937,
,9.13568E-05,1.6679E-05,3.51354E-05,0.000107141,-4.13528E-06,6.09591E-07,2.49132E-05,0.000272325,8.89823E-05,6.65653E-05,5.88E-05,7.82852E-05,2.19827E-05,0.00010592,3.89809E-05,-2.0089E-05,-3.96806E-06,2.33469E-05,-7.65371E-07,4.33927E-06,-9.22432E-06,3.10888E-05,4.86127E-05,-2.05857E-05,0.000118683,9.15612E-05,3.86443E-05,-1.47199E-05,8.32111E-05,0.000149116,6.00119E-05,0.000441628,2.94926E-05,6.71507E-06,1.22016E-05,3.36916E-05,5.29911E-05,3.89531E-05,6.27844E-05,4.40054E-05,7.92436E-05,2.04913E-05,8.42658E-06,3.47637E-05,3.86241E-05,0.000200817,5.68538E-05,6.33947E-06,2.25208E-05,-1.42739E-05,5.09776E-06,5.88628E-05,1.95441E-05,1.5156E-05,-4.22597E-06,7.49432E-05,1.11344E-05,8.18303E-05,-1.59136E-05,2.68604E-07,5.70157E-06,2.03694E-05,7.01322E-05,0.000109137,0.004088632,6.10323E-05,0.000208189,0.000146502,0.00012079,9.51697E-05,1.86396E-05,3.22749E-05,5.26115E-05,0.000124149,2.60165E-05,5.64001E-05,0.000145747,1.61459E-05,2.58044E-05,6.02627E-06,6.71861E-05,5.03058E-05,0.000110801,-2.37063E-05,5.50015E-05,1.9076E-05,-7.5054E-07,5.947E-05,
,0.000114788,0.000108682,9.16861E-05,8.10483E-05,7.69267E-05,8.03351E-05,5.81856E-05,0.000176271,0.000186895,0.000110655,7.94531E-05,0.000156078,9.01497E-05,0.000105345,0.00012294,6.54521E-05,7.35132E-05,0.000122317,5.7256E-05,3.93993E-05,3.18932E-05,6.90422E-05,8.68377E-05,5.56103E-05,7.13158E-05,8.30512E-05,8.36169E-05,1.86826E-05,7.66662E-05,6.72115E-05,7.72827E-05,0.00015654,8.93813E-05,4.05416E-05,8.32638E-05,7.23086E-05,0.000112103,6.94738E-05,0.000157419,7.20134E-05,7.9831E-05,2.00301E-05,5.06146E-05,7.38975E-05,0.000122489,0.0001248,7.43111E-05,4.55475E-05,9.72813E-05,4.55301E-05,4.63773E-05,6.22709E-05,5.60794E-05,9.07756E-05,6.33245E-05,0.000118622,5.36193E-05,0.000129513,6.22301E-05,8.4259E-05,5.63804E-05,6.91656E-05,0.000133772,0.000192687,6.10323E-05,0.000687836,7.34986E-05,7.91064E-05,0.000173975,9.54335E-05,4.42713E-05,5.26768E-05,7.44203E-05,8.30129E-05,9.9365E-05,8.94411E-05,7.41452E-05,4.91113E-05,2.54742E-05,6.37045E-05,8.99134E-05,0.00020143,0.000187148,9.38823E-05,0.000106439,2.76115E-05,5.05487E-05,5.81285E-05,
,9.16922E-05,3.00429E-05,4.88031E-05,6.31923E-05,6.26845E-05,5.22985E-05,5.51309E-05,4.98989E-05,7.61418E-05,9.67205E-05,7.28299E-05,0.000118674,5.84927E-05,8.16368E-05,4.79271E-05,3.42956E-05,4.96838E-05,4.45556E-05,4.90956E-05,3.36646E-05,2.64688E-05,4.12073E-05,4.6126E-05,3.79061E-05,7.027E-05,7.72813E-05,4.53115E-05,1.7168E-05,7.59314E-05,7.34961E-05,6.9785E-05,0.000130361,4.89806E-05,2.81807E-05,5.51694E-05,5.78499E-05,2.51521E-05,7.24938E-05,9.54759E-05,2.75317E-05,1.71168E-05,4.87876E-05,2.76659E-05,6.00228E-05,7.32834E-05,3.18869E-05,6.44125E-05,3.6454E-05,6.64911E-05,2.96043E-05,3.79834E-05,4.37201E-05,4.42516E-05,3.7758E-05,5.7712E-05,6.15185E-05,3.14947E-05,8.79567E-05,4.22649E-05,4.41135E-05,2.65551E-05,5.654E-05,9.02362E-05,0.000107562,0.000208189,7.34986E-05,0.000903307,9.25049E-05,0.00010506,5.5442E-05,3.06119E-05,5.04976E-05,5.26838E-05,8.07977E-05,7.58374E-05,6.77248E-05,4.9451E-05,2.92041E-05,4.8741E-05,2.66634E-05,5.85157E-05,8.88327E-05,1.73357E-05,4.76331E-05,6.92988E-05,4.17853E-05,2.94357E-05,5.5679E-05,
,7.12182E-05,7.76595E-05,7.69142E-05,8.81987E-05,7.88059E-05,0.000103811,7.68966E-05,0.00015073,6.73151E-05,0.000120795,0.000100824,0.000110897,5.58535E-05,0.000136315,9.81863E-05,5.70706E-05,8.02105E-05,8.62352E-05,7.4083E-05,4.29943E-05,2.56085E-05,8.15687E-05,7.75743E-05,6.02565E-05,0.000112394,0.000126867,8.58547E-05,2.62053E-06,0.000118927,0.00012287,0.000103544,0.000310684,7.83677E-05,4.20829E-05,8.31699E-05,9.56991E-05,8.06135E-05,9.64449E-05,7.60821E-05,8.50044E-05,9.22043E-05,3.49205E-05,4.39309E-05,8.09999E-05,9.73324E-05,0.00010386,9.83987E-05,5.3221E-05,0.000119535,4.65666E-05,3.26518E-05,8.24919E-05,6.06673E-05,8.18194E-05,9.55492E-05,8.93779E-05,4.88874E-05,0.000110569,7.89083E-05,5.87715E-05,4.09136E-05,7.4813E-05,8.63707E-05,0.000163358,0.000146502,7.91064E-05,9.25049E-05,0.000296576,0.000104259,9.08474E-05,3.70491E-05,6.99592E-05,0.00010003,0.000143726,8.9384E-05,9.13032E-05,0.000116244,4.96906E-05,5.33752E-05,5.8824E-05,0.00011274,9.5162E-05,0.000105671,6.94356E-05,7.96626E-05,5.60288E-05,5.3418E-05,9.8092E-05,
,0.000121841,8.97886E-05,9.19184E-05,4.65429E-05,8.47483E-05,8.56238E-05,6.19639E-05,0.000357284,0.000125688,0.000114527,8.55593E-05,0.000216916,7.07324E-05,0.000100714,0.000139973,5.9037E-05,5.84235E-05,0.000104457,5.77102E-05,3.90776E-05,3.91695E-05,7.52017E-05,8.59878E-05,3.80111E-05,7.26514E-05,9.13102E-05,7.7948E-05,1.31505E-05,9.54511E-05,0.00010814,9.6427E-05,0.00015784,8.6239E-05,4.70915E-05,8.29511E-05,7.54935E-05,8.07608E-05,0.000105541,0.000120191,6.57331E-05,6.03935E-05,3.42914E-05,5.05144E-05,8.45795E-05,0.000156134,0.000139442,9.40612E-05,5.36366E-05,0.000102335,4.12725E-05,3.68776E-05,7.94422E-05,6.36776E-05,8.71E-05,4.92181E-05,0.000130965,5.52622E-05,0.000195525,4.07373E-05,7.89491E-05,4.69972E-05,8.29124E-05,0.000142634,0.000302943,0.00012079,0.000173975,0.00010506,0.000104259,0.000599216,0.000106153,4.18982E-05,4.88818E-05,7.46061E-05,7.80317E-05,0.000148451,9.14521E-05,6.04248E-05,5.50484E-05,3.94086E-05,5.04094E-05,9.25844E-05,0.000170536,0.000170531,7.63044E-05,0.000112475,3.87808E-05,3.74811E-05,5.77548E-05,
,8.26488E-05,7.17743E-05,7.39407E-05,9.04656E-05,6.72753E-05,5.21426E-05,5.81737E-05,0.000123183,9.5937E-05,9.42261E-05,7.55827E-05,0.000125377,3.81448E-05,0.000100359,9.93491E-05,5.75505E-05,8.79923E-05,8.97431E-05,5.71438E-05,6.06971E-05,3.82955E-05,8.5557E-05,6.25966E-05,6.76595E-05,7.05557E-05,8.36957E-05,7.22357E-05,1.31041E-05,7.7262E-05,9.27205E-05,8.81065E-05,0.000167102,7.13251E-05,3.42348E-05,5.06961E-05,8.32021E-05,7.1918E-05,8.6481E-05,7.48166E-05,7.03475E-05,3.6531E-05,4.34991E-05,5.5786E-05,6.92019E-05,7.42711E-05,5.72738E-05,7.02379E-05,5.09521E-05,8.55644E-05,5.68815E-05,4.21208E-05,8.55909E-05,3.32713E-05,0.000100765,7.0069E-05,8.14525E-05,5.22462E-05,9.83315E-05,8.06919E-05,7.23599E-05,5.42717E-05,5.34719E-05,8.63961E-05,0.000131441,9.51697E-05,9.54335E-05,5.5442E-05,9.08474E-05,0.000106153,0.000383519,4.96429E-05,5.07941E-05,6.5193E-05,9.17365E-05,8.45967E-05,7.42845E-05,7.85345E-05,5.22921E-05,5.36633E-05,6.40283E-05,7.6962E-05,0.000126298,9.57673E-05,7.27584E-05,7.96443E-05,5.83228E-05,4.74787E-05,5.59798E-05,
,3.96958E-05,3.10175E-05,4.14397E-05,4.69067E-05,4.75157E-05,1.58901E-05,3.42708E-05,4.76223E-05,3.78176E-05,3.91023E-05,4.06389E-05,4.57124E-05,3.59865E-05,4.20159E-05,2.81213E-05,3.22031E-05,2.82748E-05,3.87903E-05,3.97428E-05,5.59177E-05,5.10923E-05,3.82428E-05,3.50501E-05,4.11726E-05,3.73004E-05,3.64407E-05,4.00436E-05,3.74167E-05,3.2654E-05,2.34975E-05,3.69324E-05,4.32039E-05,3.1244E-05,4.138E-05,3.57232E-05,3.1353E-05,3.52007E-05,3.34808E-05,4.16221E-05,3.43972E-05,2.57997E-05,4.07659E-05,5.327E-05,3.75109E-05,4.49711E-05,1.89213E-05,3.95043E-05,3.99982E-05,3.56429E-05,5.27029E-05,5.21844E-05,3.61577E-05,3.2592E-05,3.87447E-05,2.53617E-05,4.36561E-05,3.68683E-05,3.77919E-05,2.83883E-05,3.90189E-05,5.13827E-05,3.96805E-05,4.65134E-05,5.38671E-05,1.86396E-05,4.42713E-05,3.06119E-05,3.70491E-05,4.18982E-05,4.96429E-05,7.37033E-05,3.09754E-05,3.75419E-05,2.18447E-05,3.70694E-05,3.46396E-05,3.03223E-05,3.73947E-05,3.63675E-05,3.36944E-05,3.96874E-05,4.10164E-05,1.07219E-05,3.47104E-05,4.49614E-05,3.97927E-05,4.22194E-05,3.58932E-05,
,4.2993E-05,8.96123E-05,6.88533E-05,4.52535E-05,5.03654E-05,3.90218E-05,5.13805E-05,6.4387E-05,4.42823E-05,5.84995E-05,4.67086E-05,6.02148E-05,5.74536E-05,7.09726E-05,0.00010357,7.2208E-05,7.60741E-05,9.74185E-05,4.99125E-05,3.28952E-05,2.82002E-05,4.74889E-05,4.80754E-05,6.29276E-05,4.7886E-05,4.72883E-05,4.54293E-05,1.81093E-05,5.40152E-05,4.49593E-05,5.03847E-05,8.89492E-05,4.36094E-05,3.80236E-05,5.42895E-05,5.04822E-05,8.03647E-05,5.39908E-05,5.44775E-05,4.41101E-05,3.82111E-05,3.21758E-05,3.43298E-05,4.76656E-05,5.95631E-05,9.3052E-05,5.13113E-05,5.56743E-05,6.47506E-05,3.73194E-05,2.75659E-05,4.62877E-05,4.84053E-05,5.02299E-05,4.64803E-05,5.54779E-05,3.63354E-05,5.66547E-05,7.84713E-05,5.92932E-05,3.14103E-05,4.87109E-05,5.80533E-05,8.00265E-05,3.22749E-05,5.26768E-05,5.04976E-05,6.99592E-05,4.88818E-05,5.07941E-05,3.09754E-05,0.000114922,4.40782E-05,5.69029E-05,5.72844E-05,5.1486E-05,4.36606E-05,2.96373E-05,3.32974E-05,4.56818E-05,6.18189E-05,5.43785E-05,4.06845E-05,6.65403E-05,5.4957E-05,3.89647E-05,4.09534E-05,4.74003E-05,
,6.43391E-05,6.44345E-05,6.52114E-05,6.57531E-05,5.99221E-05,4.08073E-05,5.37566E-05,8.96287E-05,5.13644E-05,8.16845E-05,9.05788E-05,8.73778E-05,5.10353E-05,9.12933E-05,5.87797E-05,4.02807E-05,4.84673E-05,5.79334E-05,5.26338E-05,4.06359E-05,2.69334E-05,5.6222E-05,5.9097E-05,4.65864E-05,7.60424E-05,8.93772E-05,7.57133E-05,1.37825E-05,8.5781E-05,8.22412E-05,7.33384E-05,0.000177912,6.00081E-05,3.3217E-05,5.89088E-05,6.37373E-05,5.72939E-05,7.27747E-05,5.98638E-05,6.048E-05,6.65506E-05,2.49069E-05,3.67526E-05,5.78193E-05,7.71605E-05,7.02985E-05,7.38906E-05,4.62392E-05,7.9562E-05,3.85049E-05,3.45909E-05,6.02173E-05,3.9898E-05,5.66678E-05,5.23798E-05,7.23907E-05,4.01675E-05,8.41268E-05,5.13185E-05,5.63126E-05,4.18218E-05,6.29401E-05,7.16962E-05,0.000112406,5.26115E-05,7.44203E-05,5.26838E-05,0.00010003,7.46061E-05,6.5193E-05,3.75419E-05,4.40782E-05,0.000124359,8.99802E-05,7.18996E-05,6.95769E-05,7.54719E-05,4.22422E-05,3.6015E-05,3.68225E-05,7.76782E-05,5.89418E-05,7.40256E-05,5.81221E-05,7.05047E-05,3.6676E-05,3.21394E-05,6.71671E-05,
,6.34705E-05,6.94102E-05,6.95646E-05,8.70446E-05,5.3398E-05,6.90575E-05,7.29286E-05,0.000153711,8.76352E-05,9.24726E-05,9.57337E-05,8.87377E-05,4.86662E-05,0.000121468,7.09464E-05,4.82921E-05,6.52694E-05,7.60012E-05,5.50181E-05,3.98179E-05,1.69734E-05,7.61409E-05,6.51337E-05,4.49895E-05,0.000196377,0.000156437,0.000100219,-3.99118E-06,0.000121427,0.000211187,9.20857E-05,0.000333847,7.91075E-05,3.20956E-05,6.07551E-05,8.52703E-05,6.22759E-05,8.60992E-05,6.77374E-05,7.44061E-05,9.19984E-05,4.16067E-05,3.61947E-05,7.30746E-05,8.95742E-05,0.00018206,8.4543E-05,4.57802E-05,0.000103869,3.11268E-05,2.52774E-05,7.06155E-05,3.79221E-05,6.58E-05,6.1129E-05,8.19585E-05,4.42117E-05,9.00616E-05,6.28536E-05,5.26236E-05,3.42621E-05,5.86776E-05,7.89637E-05,0.000148525,0.000124149,8.30129E-05,8.07977E-05,0.000143726,7.80317E-05,9.17365E-05,2.18447E-05,5.69029E-05,8.99802E-05,0.000477809,7.57751E-05,9.28421E-05,0.00022307,3.20405E-05,4.76402E-05,5.04076E-05,9.86375E-05,0.000106834,7.5116E-05,6.20911E-05,7.55596E-05,4.79998E-05,1.99256E-05,0.000146269,
,9.06665E-05,8.2611E-05,8.29506E-05,7.08254E-05,7.06761E-05,4.62397E-05,5.54828E-05,0.000158499,6.96913E-05,8.22032E-05,7.07342E-05,0.000145598,6.28243E-05,9.84724E-05,0.000108582,6.17688E-05,6.7771E-05,0.000106338,5.53677E-05,3.51931E-05,3.09112E-05,6.48354E-05,5.83615E-05,5.15883E-05,7.63206E-05,8.29627E-05,6.22606E-05,1.40002E-05,8.72076E-05,7.43559E-05,8.37276E-05,0.000178529,6.77901E-05,3.62217E-05,6.20505E-05,6.50876E-05,7.93828E-05,8.59738E-05,7.54673E-05,5.97307E-05,4.78689E-05,3.89249E-05,3.65208E-05,6.70737E-05,0.000100536,9.59111E-05,6.99665E-05,5.3198E-05,8.50767E-05,3.74474E-05,3.51141E-05,5.56238E-05,3.84368E-05,6.57861E-05,4.27603E-05,9.09012E-05,4.34219E-05,0.000120399,7.12928E-05,7.01631E-05,3.14388E-05,6.91439E-05,9.15217E-05,0.000181558,2.60165E-05,9.9365E-05,7.58374E-05,8.9384E-05,0.000148451,8.45967E-05,3.70694E-05,5.72844E-05,7.18996E-05,7.57751E-05,0.000313164,7.13075E-05,6.57963E-05,3.76871E-05,4.06955E-05,3.98521E-05,8.30775E-05,7.71594E-05,9.48194E-05,6.3887E-05,7.94019E-05,4.48744E-05,4.05995E-05,6.67979E-05,
,6.71251E-05,7.23656E-05,7.12757E-05,6.40359E-05,6.36593E-05,5.09669E-05,6.0243E-05,0.00010033,7.47503E-05,9.59605E-05,7.169E-05,8.89741E-05,5.31659E-05,9.79428E-05,8.47305E-05,5.37076E-05,5.95873E-05,8.06918E-05,6.57947E-05,4.11931E-05,2.26552E-05,6.0386E-05,6.80309E-05,4.78925E-05,7.6398E-05,0.00010018,7.03424E-05,1.47735E-05,8.99792E-05,7.17311E-05,7.15252E-05,0.000163181,6.28343E-05,3.81473E-05,6.84741E-05,6.84508E-05,6.0853E-05,7.15457E-05,6.93991E-05,6.96187E-05,6.87963E-05,2.55015E-05,3.81181E-05,6.42842E-05,7.45635E-05,7.63157E-05,8.43696E-05,4.95783E-05,8.88895E-05,3.9944E-05,3.18443E-05,6.61702E-05,5.56672E-05,6.82416E-05,5.74461E-05,7.74568E-05,4.13348E-05,8.83267E-05,6.10746E-05,5.84305E-05,3.93204E-05,7.62904E-05,7.79544E-05,0.00011292,5.64001E-05,8.94411E-05,6.77248E-05,9.13032E-05,9.14521E-05,7.42845E-05,3.46396E-05,5.1486E-05,6.95769E-05,9.28421E-05,7.13075E-05,0.000130794,7.52495E-05,3.61282E-05,4.00562E-05,5.00335E-05,8.27464E-05,8.2599E-05,5.48319E-05,6.42315E-05,7.13601E-05,4.03238E-05,3.54781E-05,6.53857E-05,
,5.89069E-05,5.59275E-05,6.02104E-05,8.84671E-05,5.02109E-05,4.85731E-05,6.10015E-05,0.000115308,5.7908E-05,7.7267E-05,7.71146E-05,7.14016E-05,4.12621E-05,9.83731E-05,4.58593E-05,4.23991E-05,4.87601E-05,6.16913E-05,5.30528E-05,3.95756E-05,1.9485E-05,5.6502E-05,5.73149E-05,4.3862E-05,0.000145558,0.000128484,8.14924E-05,1.73663E-06,0.000107404,0.000152818,8.64043E-05,0.000262521,6.79788E-05,2.4541E-05,4.98345E-05,7.53803E-05,6.02069E-05,7.61122E-05,5.36508E-05,6.97677E-05,7.22213E-05,2.71222E-05,3.26616E-05,5.80675E-05,7.35559E-05,0.000102996,7.23487E-05,4.31388E-05,8.81804E-05,3.52377E-05,2.99414E-05,5.17163E-05,2.98169E-05,5.57067E-05,5.45495E-05,6.60104E-05,3.48377E-05,8.31861E-05,4.59458E-05,4.4014E-05,3.63531E-05,5.60333E-05,6.34115E-05,0.000121196,0.000145747,7.41452E-05,4.9451E-05,0.000116244,6.04248E-05,7.85345E-05,3.03223E-05,4.36606E-05,7.54719E-05,0.00022307,6.57963E-05,7.52495E-05,0.000230583,2.96002E-05,4.21492E-05,3.94555E-05,8.44129E-05,7.94343E-05,4.89173E-05,4.50973E-05,6.10847E-05,4.42253E-05,2.72271E-05,0.000116386,
,3.6049E-05,4.38993E-05,4.52007E-05,3.98141E-05,4.76491E-05,3.80775E-05,3.40176E-05,4.55621E-05,3.90077E-05,4.54311E-05,4.82032E-05,4.59039E-05,4.01866E-05,4.94339E-05,4.34319E-05,3.93246E-05,4.00293E-05,5.01536E-05,4.29877E-05,4.08838E-05,4.41761E-05,4.00953E-05,4.26038E-05,4.37057E-05,3.95524E-05,4.25996E-05,3.77776E-05,3.00584E-05,4.16628E-05,3.02688E-05,4.16404E-05,5.44138E-05,3.94634E-05,4.18145E-05,4.00106E-05,3.83268E-05,3.83422E-05,3.58118E-05,4.38979E-05,4.50973E-05,3.5987E-05,4.37334E-05,5.53293E-05,3.6518E-05,4.63216E-05,4.1237E-05,4.57987E-05,3.54805E-05,4.44438E-05,4.14258E-05,3.24812E-05,4.50948E-05,3.18548E-05,5.44119E-05,5.28452E-05,4.36952E-05,3.13685E-05,4.63244E-05,3.60129E-05,4.17471E-05,4.68916E-05,3.87597E-05,4.70565E-05,5.75401E-05,1.61459E-05,4.91113E-05,2.92041E-05,4.96906E-05,5.50484E-05,5.22921E-05,3.73947E-05,2.96373E-05,4.22422E-05,3.20405E-05,3.76871E-05,3.61282E-05,2.96002E-05,0.000119948,3.50989E-05,4.31755E-05,4.1542E-05,3.95983E-05,3.12718E-05,4.2229E-05,4.20907E-05,4.05335E-05,4.38401E-05,3.44872E-05,
,3.69214E-05,3.59005E-05,3.83137E-05,4.34065E-05,4.56357E-05,4.06252E-05,3.57E-05,5.01612E-05,3.03403E-05,4.19975E-05,4.00542E-05,3.9056E-05,3.07015E-05,5.25238E-05,2.41506E-05,3.05841E-05,3.50235E-05,3.95642E-05,4.63646E-05,4.01149E-05,4.21726E-05,5.66845E-05,3.62465E-05,3.9483E-05,4.80057E-05,4.94025E-05,3.83422E-05,2.94866E-05,4.646E-05,4.20904E-05,4.55473E-05,8.11358E-05,4.23597E-05,3.57641E-05,3.6416E-05,4.5166E-05,3.63939E-05,4.34668E-05,3.53748E-05,4.20163E-05,4.13277E-05,3.98253E-05,4.35924E-05,4.31135E-05,4.50511E-05,3.67843E-05,4.72186E-05,3.74562E-05,4.59413E-05,4.55369E-05,3.38705E-05,4.02278E-05,2.92365E-05,4.14275E-05,4.54303E-05,3.61693E-05,2.77066E-05,3.90197E-05,2.68101E-05,3.22917E-05,3.99418E-05,3.85432E-05,4.2153E-05,5.27281E-05,2.58044E-05,2.54742E-05,4.8741E-05,5.33752E-05,3.94086E-05,5.36633E-05,3.63675E-05,3.32974E-05,3.6015E-05,4.76402E-05,4.06955E-05,4.00562E-05,4.21492E-05,3.50989E-05,0.000110848,3.69449E-05,4.30711E-05,4.43774E-05,1.67942E-05,3.65836E-05,3.41593E-05,8.03555E-05,3.82819E-05,4.39494E-05,
,4.41493E-05,5.14418E-05,5.73553E-05,4.63732E-05,5.93019E-05,0.000125307,4.64734E-05,4.54084E-05,4.37432E-05,6.31484E-05,5.08703E-05,4.95274E-05,4.21325E-05,6.98532E-05,5.92929E-05,4.24617E-05,5.51767E-05,5.90654E-05,5.20775E-05,4.2591E-05,3.42734E-05,5.06931E-05,4.49713E-05,5.77421E-05,4.74035E-05,4.64692E-05,5.10794E-05,1.76872E-05,4.79503E-05,5.33708E-05,6.43543E-05,8.46176E-05,5.49885E-05,4.92491E-05,4.74374E-05,4.75641E-05,5.55402E-05,6.71637E-05,4.69577E-05,7.07833E-05,4.9094E-05,3.29896E-05,4.7606E-05,4.49019E-05,4.91499E-05,6.65153E-05,5.18299E-05,4.05057E-05,6.18209E-05,3.95147E-05,2.9596E-05,6.28264E-05,4.16879E-05,7.43652E-05,0.000135111,6.02464E-05,3.99531E-05,4.86941E-05,5.46112E-05,4.92448E-05,4.14333E-05,4.27523E-05,5.0151E-05,5.7875E-05,6.02627E-06,6.37045E-05,2.66634E-05,5.8824E-05,5.04094E-05,6.40283E-05,3.36944E-05,4.56818E-05,3.68225E-05,5.04076E-05,3.98521E-05,5.00335E-05,3.94555E-05,4.31755E-05,3.69449E-05,0.000164235,6.38198E-05,4.98851E-05,4.86561E-05,5.64854E-05,5.83749E-05,4.1389E-05,5.06051E-05,3.94558E-05,
,6.82715E-05,7.39113E-05,7.46593E-05,8.01561E-05,7.29538E-05,7.25494E-05,7.36732E-05,0.000100478,7.26969E-05,0.000100206,7.97112E-05,9.30721E-05,5.16467E-05,0.000146197,9.83017E-05,5.80122E-05,7.93578E-05,9.04115E-05,7.68726E-05,4.29214E-05,3.18322E-05,6.66354E-05,7.11078E-05,6.60111E-05,8.54052E-05,0.000102514,7.29315E-05,6.82156E-06,9.41538E-05,9.77293E-05,9.03117E-05,0.000182195,7.41106E-05,4.28648E-05,6.9738E-05,7.36478E-05,7.90167E-05,8.60954E-05,7.32659E-05,8.22718E-05,7.77894E-05,3.14944E-05,4.03399E-05,7.23615E-05,8.15763E-05,9.09143E-05,8.45646E-05,5.51207E-05,0.000113174,4.33338E-05,3.83321E-05,7.62172E-05,5.27917E-05,8.08929E-05,8.80485E-05,8.51874E-05,4.99821E-05,8.96099E-05,7.89334E-05,5.5293E-05,4.65843E-05,7.12782E-05,8.28215E-05,0.000120434,6.71861E-05,8.99134E-05,5.85157E-05,0.00011274,9.25844E-05,7.6962E-05,3.96874E-05,6.18189E-05,7.76782E-05,9.86375E-05,8.30775E-05,8.27464E-05,8.44129E-05,4.1542E-05,4.30711E-05,6.38198E-05,0.000161661,8.40032E-05,8.00589E-05,6.85411E-05,8.12453E-05,4.88118E-05,4.55895E-05,7.33907E-05,
,0.000106943,9.52439E-05,8.2659E-05,8.5401E-05,6.37221E-05,8.61476E-05,5.50829E-05,0.000235641,0.00014852,0.000111373,7.30797E-05,0.000174669,6.45949E-05,0.000101915,0.000111504,6.80461E-05,8.38543E-05,0.000106674,4.40376E-05,3.7644E-05,2.55887E-05,7.24186E-05,6.73484E-05,5.84069E-05,7.95597E-05,8.6428E-05,7.62697E-05,8.54156E-06,8.4383E-05,0.000119478,9.41384E-05,0.000215955,8.61038E-05,4.9125E-05,5.47099E-05,6.88622E-05,9.19871E-05,9.49602E-05,0.000111204,6.35566E-05,5.84438E-05,5.19331E-05,5.15892E-05,7.63775E-05,9.75678E-05,0.000110303,6.93613E-05,4.90967E-05,8.41867E-05,3.64902E-05,3.89247E-05,6.56226E-05,4.48727E-05,8.17469E-05,6.35456E-05,0.000104551,5.51566E-05,0.000122869,7.68103E-05,8.08773E-05,5.12859E-05,6.44225E-05,0.000107715,0.000194808,5.03058E-05,0.00020143,8.88327E-05,9.5162E-05,0.000170536,0.000126298,4.10164E-05,5.43785E-05,5.89418E-05,0.000106834,7.71594E-05,8.2599E-05,7.94343E-05,3.95983E-05,4.43774E-05,4.98851E-05,8.40032E-05,0.000608722,0.00018666,6.78675E-05,9.07908E-05,4.32783E-05,5.03184E-05,6.67962E-05,
,9.02789E-05,9.82309E-05,6.72838E-05,5.80888E-05,3.64856E-05,0.000116815,2.2786E-05,0.000161408,0.000121097,9.08322E-05,6.25471E-05,0.000135619,3.66809E-05,8.7937E-05,0.000136834,6.72607E-05,6.71205E-05,8.05884E-05,7.11836E-06,3.41287E-06,-4.34472E-06,5.63421E-05,5.40326E-05,2.8297E-05,5.73886E-05,6.81175E-05,5.92758E-05,-3.23532E-05,6.34505E-05,0.000148777,8.61113E-05,0.000242869,6.98368E-05,3.60433E-06,3.16045E-05,6.21231E-05,7.86704E-05,8.15906E-05,9.74164E-05,4.11341E-05,4.45729E-05,2.20443E-05,2.27296E-06,4.95687E-05,9.72175E-05,0.000213022,6.3143E-05,2.44781E-05,7.13883E-05,1.02233E-06,1.74142E-05,6.30752E-05,4.03654E-05,6.04294E-05,0.000101935,8.58394E-05,3.46027E-05,0.000129249,6.66822E-05,5.80057E-05,3.3211E-05,4.89114E-05,9.69801E-05,0.000213826,0.000110801,0.000187148,1.73357E-05,0.000105671,0.000170531,9.57673E-05,1.07219E-05,4.06845E-05,7.40256E-05,7.5116E-05,9.48194E-05,5.48319E-05,4.89173E-05,3.12718E-05,1.67942E-05,4.86561E-05,8.00589E-05,0.00018666,0.001051675,4.2184E-05,7.33183E-05,1.91575E-05,3.23671E-05,4.37009E-05,
,6.30559E-05,8.55837E-05,7.67835E-05,5.30518E-05,6.34348E-05,5.01614E-05,5.32035E-05,8.70334E-05,6.63882E-05,6.97764E-05,6.59962E-05,8.48428E-05,6.67757E-05,8.05826E-05,0.00010182,6.60572E-05,7.42116E-05,9.46251E-05,5.63082E-05,3.91436E-05,3.46416E-05,5.54949E-05,6.03166E-05,7.09575E-05,5.4671E-05,5.47196E-05,5.70818E-05,2.31867E-05,5.88651E-05,5.86903E-05,6.43586E-05,9.75955E-05,5.81722E-05,4.75147E-05,5.71002E-05,5.40891E-05,7.51901E-05,6.31258E-05,6.49745E-05,5.28248E-05,4.00505E-05,3.97822E-05,4.41186E-05,4.77033E-05,6.46572E-05,7.64383E-05,6.05138E-05,5.33862E-05,7.45253E-05,4.30403E-05,3.22119E-05,5.76514E-05,4.84084E-05,6.74356E-05,5.81242E-05,6.828E-05,4.24869E-05,7.109E-05,7.7672E-05,7.35348E-05,3.89301E-05,5.73695E-05,6.99062E-05,8.67091E-05,-2.37063E-05,9.38823E-05,4.76331E-05,6.94356E-05,7.63044E-05,7.27584E-05,3.47104E-05,6.65403E-05,5.81221E-05,6.20911E-05,6.3887E-05,6.42315E-05,4.50973E-05,4.2229E-05,3.65836E-05,5.64854E-05,6.85411E-05,6.78675E-05,4.2184E-05,0.000162298,6.56905E-05,3.86848E-05,4.56666E-05,4.93282E-05,
,7.96672E-05,7.19072E-05,8.30656E-05,5.86974E-05,7.18782E-05,4.49492E-05,5.90568E-05,0.000111811,0.000100705,8.9497E-05,7.64833E-05,0.000106604,6.86894E-05,8.73317E-05,9.58025E-05,6.51501E-05,5.55326E-05,8.8674E-05,5.70889E-05,4.88754E-05,3.34703E-05,5.80042E-05,6.91697E-05,5.69179E-05,6.45223E-05,7.2866E-05,7.00835E-05,1.64188E-05,6.81805E-05,8.07154E-05,7.33052E-05,0.00012268,6.28809E-05,4.3814E-05,6.67256E-05,5.87247E-05,7.12959E-05,7.1166E-05,9.25079E-05,5.78087E-05,4.57308E-05,3.30508E-05,3.9515E-05,6.54936E-05,7.97141E-05,0.000102511,6.7048E-05,5.4292E-05,8.63025E-05,4.21614E-05,3.67646E-05,6.06814E-05,5.20069E-05,6.83947E-05,5.72479E-05,0.000131696,5.36648E-05,9.2887E-05,5.97734E-05,7.20516E-05,4.48172E-05,6.49773E-05,9.85491E-05,0.000139839,5.50015E-05,0.000106439,6.92988E-05,7.96626E-05,0.000112475,7.96443E-05,4.49614E-05,5.4957E-05,7.05047E-05,7.55596E-05,7.94019E-05,7.13601E-05,6.10847E-05,4.20907E-05,3.41593E-05,5.83749E-05,8.12453E-05,9.07908E-05,7.33183E-05,6.56905E-05,0.000154996,3.84967E-05,4.02162E-05,5.70858E-05,
,3.33154E-05,3.97631E-05,4.73709E-05,4.85919E-05,5.36658E-05,3.50426E-05,4.13285E-05,5.42904E-05,3.51125E-05,4.59758E-05,4.25608E-05,4.14466E-05,3.46929E-05,5.54783E-05,2.91052E-05,3.4685E-05,4.48241E-05,4.38854E-05,4.67175E-05,4.13985E-05,4.18244E-05,5.44385E-05,4.13565E-05,5.10569E-05,5.38756E-05,5.1252E-05,3.74823E-05,3.46308E-05,4.85577E-05,4.24951E-05,5.19377E-05,8.09073E-05,4.11731E-05,4.3779E-05,4.08155E-05,4.94835E-05,4.25414E-05,4.12216E-05,3.83089E-05,4.93297E-05,4.70158E-05,4.64724E-05,4.53712E-05,4.72253E-05,5.0574E-05,3.68E-05,4.65283E-05,4.2181E-05,4.90004E-05,4.7268E-05,3.75277E-05,4.19122E-05,2.90345E-05,4.31934E-05,4.89637E-05,3.96916E-05,3.23013E-05,4.11733E-05,3.87646E-05,3.33824E-05,4.21273E-05,4.41269E-05,5.09421E-05,5.4705E-05,1.9076E-05,2.76115E-05,4.17853E-05,5.60288E-05,3.87808E-05,5.83228E-05,3.97927E-05,3.89647E-05,3.6676E-05,4.79998E-05,4.48744E-05,4.03238E-05,4.42253E-05,4.05335E-05,8.03555E-05,4.1389E-05,4.88118E-05,4.32783E-05,1.91575E-05,3.86848E-05,3.84967E-05,0.000111898,4.2009E-05,4.52404E-05,
,4.05064E-05,4.13433E-05,4.76224E-05,4.05329E-05,4.42838E-05,6.90835E-05,3.33853E-05,3.72695E-05,3.33245E-05,3.8434E-05,3.6405E-05,4.27934E-05,3.96406E-05,4.64897E-05,3.13032E-05,3.69048E-05,4.46687E-05,4.96365E-05,4.14583E-05,4.49059E-05,4.3395E-05,3.92478E-05,3.20226E-05,6.00201E-05,3.12831E-05,4.07506E-05,3.26341E-05,2.89769E-05,3.77412E-05,3.11664E-05,3.93035E-05,6.12925E-05,3.07338E-05,4.28324E-05,3.63163E-05,3.28587E-05,4.0647E-05,4.42692E-05,3.71407E-05,4.78234E-05,3.49071E-05,3.68882E-05,5.03309E-05,3.99841E-05,4.25378E-05,3.42982E-05,3.93222E-05,3.9428E-05,4.15795E-05,4.68124E-05,3.5807E-05,4.1274E-05,3.68611E-05,5.65061E-05,7.22258E-05,4.15322E-05,3.6393E-05,3.14396E-05,4.70648E-05,4.24363E-05,4.75596E-05,3.98237E-05,4.38965E-05,4.76182E-05,-7.5054E-07,5.05487E-05,2.94357E-05,5.3418E-05,3.74811E-05,4.74787E-05,4.22194E-05,4.09534E-05,3.21394E-05,1.99256E-05,4.05995E-05,3.54781E-05,2.72271E-05,4.38401E-05,3.82819E-05,5.06051E-05,4.55895E-05,5.03184E-05,3.23671E-05,4.56666E-05,4.02162E-05,4.2009E-05,0.000150954,3.25219E-05,
,5.51691E-05,6.27531E-05,5.62645E-05,6.86294E-05,5.45551E-05,4.34152E-05,5.81401E-05,8.21857E-05,5.05183E-05,6.83305E-05,6.68382E-05,6.34297E-05,4.50761E-05,8.67103E-05,4.55769E-05,3.83579E-05,5.30132E-05,6.16799E-05,5.45206E-05,4.14944E-05,2.81113E-05,6.04294E-05,5.14004E-05,4.45864E-05,0.000129959,9.22045E-05,6.65271E-05,1.98382E-05,8.12073E-05,0.00011139,6.79707E-05,0.000195631,5.32931E-05,3.84233E-05,4.9635E-05,6.37186E-05,5.74897E-05,6.21573E-05,5.22238E-05,5.70363E-05,6.18686E-05,3.3479E-05,3.53448E-05,6.12196E-05,6.95382E-05,6.40548E-05,6.38726E-05,4.87532E-05,8.09879E-05,4.09177E-05,3.37271E-05,5.14563E-05,3.80778E-05,4.84869E-05,4.1959E-05,6.2963E-05,4.06155E-05,6.81259E-05,5.17754E-05,4.96946E-05,4.43486E-05,5.84441E-05,6.11294E-05,0.000103937,5.947E-05,5.81285E-05,5.5679E-05,9.8092E-05,5.77548E-05,5.59798E-05,3.58932E-05,4.74003E-05,6.71671E-05,0.000146269,6.67979E-05,6.53857E-05,0.000116386,3.44872E-05,4.39494E-05,3.94558E-05,7.33907E-05,6.67962E-05,4.37009E-05,4.93282E-05,5.70858E-05,4.52404E-05,3.25219E-05,0.000141014,
,,,,,,,,,,,,,,,,,,,,,,,,,,,,,,,,,,,,,,,,,,,,,,,,,,,,,,,,,,,,,,,,,,,,,,,,,,,,,,,,,,,,,,,,,
,AAPL,ABBV,ABT,ADM,ADP,AEO,AFL,AMD,AMZN,AOS,APD,AVGO,BDX,BEN,BMRN,BMY,CAH,CELG,CINF,CL,CLX,CMCSA,CTAS,CVS,CVX,DOV,ECL,ED,EMR,ETP,F,FCX,FOXA,FRT,GD,GE,GILD,GM,GOOG,GPC,GWW,HCP,HRL,IBM,INTC,IOVA,ITW,JNJ,JPM,KMB,KO,LEG,LMT,LOW,M,MA,MCD,MCHP,MCK,MDT,MKC,MMM,MSFT,MU,NAK,NFLX,NTDOY,NUE,NVDA,NWL,PEP,PFE,PX,PXD,QCOM,ROP,SLB,SYY,T,TJX,TROW,TSLA,TWTR,UNH,V,VZ,WMT,XOM,
Weights,0.002369903,0,0,0.001753937,0.000406005,0.013271453,0.02389748,0,0.005250785,0,0,0,0.022029657,0,0,0.018212865,0.001748023,0,0.012286648,0.025426677,0.041513472,0.009637864,0.013599667,0.011635303,0,0,0.012376466,0.074193715,0,0,0,0,0.012017609,0.029735575,0.016008279,0.012302403,0,0.001875462,0.001714776,0.004246655,0.016297028,0.032675338,0.01955171,0.012915206,0,0,0,0.028488454,0,0.02534262,0.049840998,0.005428799,0.038768437,0.000185724,0.003128075,0,0.04142962,0,0.009044404,0.013083491,0.026339356,0.011994235,0,0,0.006499335,0,0.006101804,0,0,0,0.04070708,0.025088028,0.014352338,0,0.000587876,0.005226179,0.012435827,0.035824862,0.03744301,0.018256956,0,0,0.014040784,0.007718759,0,0.028477921,0.031361213,0.013853856,1
Value,118.4951673,0,0,87.69684923,20.30023945,663.5726505,1194.873983,0,262.5392744,0,0,0,1101.482839,0,0,910.6432538,87.40113519,0,614.3324098,1271.333844,2075.673621,481.8931759,679.9833607,581.7651503,0,0,618.8233139,3709.685731,0,0,0,0,600.8804745,1486.778756,800.4139356,615.1201582,0,93.77307701,85.73882307,212.3327745,814.8513754,1633.766885,977.5855133,645.7603244,0,0,0,1424.422678,0,1267.130997,2492.049923,271.4399377,1938.421832,9.286179793,156.4037339,0,2071.480993,0,452.2202113,654.1745576,1316.967777,599.711746,0,0,324.966729,0,305.0902116,0,0,0,2035.353982,1254.401382,717.6169048,0,29.39378057,261.3089352,621.7913379,1791.243112,1872.150514,912.8477815,0,0,702.0392029,385.937969,0,1423.89603,1568.060654,692.6928086,
Price,184.4299927,92.12000275,60.81000137,46.22000122,135.0899963,23.54999924,44,15.5,1691.089966,59.59999847,155.8800049,251.5399933,239.4799957,32.45999908,93.79000092,54.90999985,53.31999969,78.30999756,67.13999939,65.13999939,131.1799927,32.77999878,186.5899963,69.80999756,124.1500015,72.75,138.4100037,77.48000336,68.94999695,19.23999977,11.51500034,16.25,47.68000031,124.9800034,188.8099976,13.73999977,70.25,41,1118.459961,92.56999969,306.480011,25.12999916,37.04999924,139.0099945,49.66999817,13.80000019,140.9700012,122.3199997,104.8300018,103.3199997,43.34000015,44.09000015,299.0899963,97.08000183,37.86000061,196.4600067,160.8600006,93.13999939,144.9299927,86.88999939,106.5400009,196.6000061,99.08000183,54.59000015,0.513000011,399.3900146,40.97999954,64.13999939,241.9900055,26.22500038,108.0500031,36.36999893,154.2400055,186.1999969,56.45000076,273.2600098,66.01999664,68.19999695,31.61000061,95.16000366,118.6500015,342,44.86000061,249.7100067,132.5500031,49.29000092,85.94000244,80.62999725,
ADJ SHARES,1,0,0,2,0,28,27,0,0,0,0,0,5,0,0,17,2,0,9,20,16,15,4,8,0,0,4,48,0,0,0,0,13,12,4,45,0,2,0,2,3,65,26,5,0,0,0,12,0,12,57,6,6,0,4,0,13,0,3,8,12,3,0,0,633,0,7,0,0,0,19,34,5,0,1,1,9,26,59,10,0,0,16,2,0,29,18,9,
ADJ VALUE,184.4299927,0,0,92.44000244,0,659.3999786,1188,0,0,0,0,0,1197.399979,0,0,933.4699974,106.6399994,0,604.2599945,1302.799988,2098.879883,491.6999817,746.3599854,558.4799805,0,0,553.6400146,3719.040161,0,0,0,0,619.840004,1499.76004,755.2399902,618.2999897,0,82,0,185.1399994,919.440033,1633.449945,963.2999802,695.0499725,0,0,0,1467.839996,0,1239.839996,2470.380009,264.5400009,1794.539978,0,151.4400024,0,2091.180008,0,434.789978,695.1199951,1278.480011,589.8000183,0,0,324.7290072,0,286.8599968,0,0,0,2052.950058,1236.579964,771.2000275,0,56.45000076,273.2600098,594.1799698,1773.199921,1864.990036,951.6000366,0,0,717.7600098,499.4200134,0,1429.410027,1546.920044,725.6699753,49991.58898
,,,,,,,,,,,,,,,,,,,,,,,,,,,,,,,,,,,,,,,,,,,,,,,,,,,,,,,,,,,,,,,,,,,,,,,,,,,,,,,,,,,,,,,,,
return,0.000322855,,,,,,,,,,,,,,,,,,,,,,,,,,,,,,,,,,,,,,,,,,,,,,,,,,,,,,,,,,,,,,,,,,,,,,,,,,,,,,,,,,,,,,,,
variance,4.1925E-05,,,,,,,,,,,,,,,,,,,,,,,,,,,,,,,,,,,,,,,,,,,,,,,,,,,,,,,,,,,,,,,,,,,,,,,,,,,,,,,,,,,,,,,,
stdev,0.00647495,,,,,,,,,,,,,,,,,,,,,,,,,,,,,,,,,,,,,,,,,,,,,,,,,,,,,,,,,,,,,,,,,,,,,,,,,,,,,,,,,,,,,,,,
