,PORT VALUE,50000,,,,,,,,,,,,,,,,,,,,,,,,,,,,,,,,,,,,,,,,,,,,,,,,,,,,,,,,,,,,,,,,,,,,,,,,,,,,,,,,,,,,,,,
,AAPL,ABBV,ABT,ADM,ADP,AEO,AFL,AMD,AMZN,AOS,APD,AVGO,BDX,BEN,BMRN,BMY,CAH,CELG,CINF,CL,CLX,CMCSA,CTAS,CVS,CVX,DOV,ECL,ED,EMR,ETP,F,FCX,FOXA,FRT,GD,GE,GILD,GM,GOOG,GPC,GWW,HCP,HRL,IBM,INTC,IOVA,ITW,JNJ,JPM,KMB,KO,LEG,LMT,LOW,M,MA,MCD,MCHP,MCK,MDT,MKC,MMM,MSFT,MU,NAK,NFLX,NTDOY,NUE,NVDA,NWL,PEP,PFE,PX,PXD,QCOM,ROP,SLB,SYY,T,TJX,TROW,TSLA,TWTR,UNH,V,VZ,WMT,XOM,
,0.000837781,0.000690168,0.000502945,0.000155404,0.000721721,0.001073925,0.000368179,0.002007113,0.001824928,0.000955435,0.000414162,0.001436713,0.000767233,-0.000414388,0.000750947,0.000247051,-0.000144629,0.000222282,0.000367722,2.47069E-05,0.000456338,0.000314771,0.001145359,-5.47386E-05,0.000110204,0.000153019,0.000314248,0.000410113,0.000129543,-0.000574424,-0.000230325,5.44381E-06,0.000472219,0.00011863,0.000538843,-0.000535761,3.16796E-06,0.000307729,0.000807576,0.000146776,0.000315855,-0.000273884,0.000525841,-0.00020134,0.000727368,0.001489546,0.000525825,0.000226659,0.000727707,4.56442E-05,9.64566E-05,0.000361182,0.000635778,0.000823285,-0.000120575,0.001005072,0.00046219,0.000779185,-0.000140846,0.000427091,0.000528904,0.00037659,0.000964143,0.001063014,0.001609464,0.002235134,0.001474563,0.000340793,0.002788426,7.99337E-05,0.000262161,0.000257205,0.000238895,0.000162056,-0.00018303,0.000705633,-0.000287149,0.000666161,-3.28876E-05,0.000582315,0.000432912,0.000848668,0.000861296,0.001191631,0.000974221,8.8962E-05,0.000198029,-0.000141126,
,,,,,,,,,,,,,,,,,,,,,,,,,,,,,,,,,,,,,,,,,,,,,,,,,,,,,,,,,,,,,,,,,,,,,,,,,,,,,,,,,,,,,,,,,
,AAPL,ABBV,ABT,ADM,ADP,AEO,AFL,AMD,AMZN,AOS,APD,AVGO,BDX,BEN,BMRN,BMY,CAH,CELG,CINF,CL,CLX,CMCSA,CTAS,CVS,CVX,DOV,ECL,ED,EMR,ETP,F,FCX,FOXA,FRT,GD,GE,GILD,GM,GOOG,GPC,GWW,HCP,HRL,IBM,INTC,IOVA,ITW,JNJ,JPM,KMB,KO,LEG,LMT,LOW,M,MA,MCD,MCHP,MCK,MDT,MKC,MMM,MSFT,MU,NAK,NFLX,NTDOY,NUE,NVDA,NWL,PEP,PFE,PX,PXD,QCOM,ROP,SLB,SYY,T,TJX,TROW,TSLA,TWTR,UNH,V,VZ,WMT,XOM,
,0.000201999,5.96631E-05,6.78354E-05,5.29261E-05,5.88998E-05,4.27089E-05,4.50131E-05,0.000118811,9.79847E-05,8.0745E-05,6.36118E-05,0.000150471,5.46282E-05,8.01329E-05,9.41067E-05,4.90536E-05,5.79329E-05,8.66781E-05,4.47447E-05,4.04954E-05,3.45045E-05,6.10892E-05,5.57678E-05,4.56873E-05,5.91072E-05,7.05611E-05,6.11811E-05,9.74341E-06,7.06601E-05,7.40014E-05,6.87974E-05,0.000112286,5.95036E-05,3.59537E-05,5.67784E-05,5.10394E-05,6.71226E-05,6.97165E-05,9.1932E-05,5.17732E-05,5.18876E-05,3.11737E-05,4.6455E-05,5.88035E-05,8.98445E-05,0.00010773,6.83833E-05,4.41636E-05,7.67278E-05,3.84598E-05,3.23271E-05,5.90277E-05,4.63556E-05,5.84697E-05,3.64283E-05,8.73709E-05,4.81914E-05,0.000103717,5.07611E-05,5.72377E-05,4.29834E-05,6.11616E-05,0.000100169,0.00014052,9.15025E-05,0.000114835,9.19183E-05,7.12089E-05,0.000122017,8.26001E-05,3.97017E-05,4.30117E-05,6.43504E-05,6.32285E-05,9.08045E-05,6.71589E-05,5.88796E-05,3.60752E-05,3.70257E-05,4.41124E-05,6.83095E-05,0.000106983,9.04786E-05,6.29588E-05,7.97464E-05,3.34878E-05,4.04069E-05,5.51364E-05,
,5.96631E-05,0.000313754,0.000103016,6.44493E-05,6.15495E-05,5.96197E-05,5.93048E-05,9.6877E-05,8.23967E-05,7.86851E-05,6.28568E-05,9.13275E-05,7.88931E-05,8.66163E-05,0.000169567,0.000103396,0.000101948,0.000159545,5.01821E-05,3.10258E-05,2.49302E-05,6.34937E-05,6.75981E-05,6.4716E-05,6.73933E-05,5.67003E-05,6.20972E-05,1.82158E-05,6.80449E-05,8.25023E-05,6.87131E-05,0.000143616,5.71636E-05,4.66012E-05,5.77147E-05,5.53786E-05,0.000120637,5.7661E-05,8.35214E-05,6.32997E-05,5.00248E-05,3.55428E-05,3.0886E-05,6.10216E-05,8.5843E-05,0.000162111,6.59066E-05,7.45709E-05,8.04588E-05,4.18853E-05,2.951E-05,6.77975E-05,6.03034E-05,6.53889E-05,7.52298E-05,8.03544E-05,3.89535E-05,8.17751E-05,0.00011872,8.77296E-05,3.92528E-05,6.81609E-05,8.49736E-05,0.000118397,1.6341E-05,0.000109411,3.06594E-05,7.75119E-05,8.99426E-05,7.17356E-05,3.10051E-05,8.97247E-05,6.43406E-05,6.89675E-05,8.2888E-05,7.24485E-05,5.59518E-05,4.38822E-05,3.5748E-05,5.10547E-05,7.40654E-05,9.53935E-05,9.85205E-05,8.54856E-05,7.2022E-05,3.9992E-05,4.10203E-05,6.27428E-05,
,6.78354E-05,0.000103016,0.000158126,6.0823E-05,6.64018E-05,5.30654E-05,6.09823E-05,0.00010582,6.90251E-05,8.0169E-05,7.40098E-05,9.22673E-05,8.2644E-05,9.55286E-05,0.000129094,7.35313E-05,8.51026E-05,0.000116027,6.37135E-05,4.77834E-05,3.30596E-05,6.07183E-05,6.68786E-05,6.476E-05,6.28859E-05,7.03731E-05,6.56881E-05,2.08104E-05,7.18042E-05,5.84398E-05,6.8581E-05,0.000139526,7.00782E-05,4.32726E-05,6.85588E-05,5.93092E-05,9.73443E-05,6.94127E-05,7.50615E-05,6.57484E-05,6.41854E-05,4.0558E-05,4.19781E-05,6.84021E-05,8.21668E-05,0.000119332,6.91998E-05,6.56304E-05,8.57166E-05,4.57444E-05,3.73319E-05,6.6849E-05,5.14818E-05,6.6242E-05,6.3355E-05,8.3873E-05,4.69861E-05,7.92507E-05,8.54908E-05,8.97284E-05,4.38363E-05,6.68789E-05,8.17025E-05,0.000112108,3.50969E-05,9.19978E-05,4.93069E-05,7.68963E-05,9.22555E-05,7.38695E-05,4.14573E-05,6.89238E-05,6.52209E-05,6.90948E-05,8.32389E-05,7.13816E-05,6.01849E-05,4.52427E-05,3.84488E-05,5.73444E-05,7.47866E-05,8.27886E-05,6.76916E-05,7.66315E-05,8.32473E-05,4.77187E-05,4.73874E-05,5.62247E-05,
,5.29261E-05,6.44493E-05,6.0823E-05,0.000209297,6.18722E-05,4.24847E-05,5.41578E-05,0.00014323,6.13212E-05,7.68157E-05,6.99779E-05,7.83648E-05,4.62896E-05,0.000102576,8.12382E-05,4.69286E-05,5.4375E-05,8.26311E-05,5.80224E-05,5.28634E-05,3.60609E-05,5.59621E-05,5.80506E-05,5.87021E-05,8.47322E-05,8.99052E-05,6.79914E-05,2.18413E-05,7.78153E-05,9.51549E-05,7.73218E-05,0.000184399,5.60556E-05,4.32873E-05,5.3592E-05,6.30834E-05,7.39409E-05,6.87401E-05,5.04442E-05,6.15957E-05,5.78385E-05,4.17039E-05,4.88449E-05,5.97689E-05,7.06449E-05,9.61694E-05,6.63498E-05,4.73067E-05,8.17263E-05,5.03447E-05,4.27599E-05,6.46272E-05,3.51986E-05,5.4814E-05,6.08113E-05,6.33965E-05,3.5072E-05,7.41543E-05,5.78552E-05,5.2864E-05,5.20958E-05,5.60885E-05,6.81589E-05,0.000114059,0.000106813,8.06686E-05,6.32963E-05,8.79147E-05,4.62861E-05,9.03909E-05,4.67727E-05,4.51019E-05,6.55884E-05,8.67505E-05,7.08191E-05,6.37297E-05,8.83457E-05,3.97236E-05,4.31487E-05,4.48191E-05,7.99246E-05,8.50846E-05,5.79201E-05,5.28217E-05,5.84009E-05,4.82814E-05,4.04147E-05,6.84524E-05,
,5.88998E-05,6.15495E-05,6.64018E-05,6.18722E-05,0.000133987,4.92004E-05,6.07541E-05,8.88631E-05,6.36503E-05,7.63429E-05,6.26884E-05,8.33874E-05,5.50414E-05,7.65705E-05,7.65549E-05,4.97365E-05,6.24378E-05,7.51722E-05,6.16885E-05,4.84402E-05,3.78559E-05,6.596E-05,6.71154E-05,5.26015E-05,5.97749E-05,7.03361E-05,6.14764E-05,2.80166E-05,6.72312E-05,5.304E-05,6.75701E-05,9.89981E-05,7.01083E-05,4.85739E-05,6.04252E-05,5.64353E-05,6.624E-05,6.74825E-05,6.90567E-05,6.68874E-05,4.83762E-05,4.30299E-05,4.82929E-05,6.07028E-05,8.12587E-05,7.61152E-05,7.14828E-05,5.25873E-05,7.54606E-05,4.63122E-05,4.25674E-05,6.39811E-05,4.98438E-05,7.61844E-05,6.3841E-05,7.64525E-05,4.84885E-05,8.05966E-05,5.74926E-05,5.89195E-05,4.91854E-05,6.46706E-05,8.26985E-05,9.94099E-05,-4.82811E-06,7.74411E-05,6.34045E-05,7.88936E-05,8.52084E-05,6.73222E-05,4.74729E-05,5.0445E-05,5.97786E-05,5.26058E-05,7.11311E-05,6.3805E-05,5.00439E-05,4.76757E-05,4.55966E-05,5.89687E-05,7.32861E-05,6.36821E-05,3.70118E-05,6.33623E-05,7.20663E-05,5.38253E-05,4.39442E-05,5.43464E-05,
,4.27089E-05,5.96197E-05,5.30654E-05,4.24847E-05,4.92004E-05,0.000565343,4.23545E-05,7.69198E-05,4.80493E-05,7.05988E-05,4.2722E-05,4.96918E-05,2.98824E-05,8.01676E-05,7.50769E-05,3.82288E-05,6.02635E-05,7.17677E-05,4.79254E-05,1.83243E-05,1.94956E-05,4.99507E-05,4.83904E-05,4.61167E-05,6.46428E-05,5.04653E-05,4.35989E-05,6.85705E-06,4.89709E-05,5.20542E-05,8.65136E-05,0.000117068,6.6611E-05,4.1662E-05,3.39529E-05,5.25217E-05,4.61124E-05,7.75889E-05,5.11959E-05,7.74064E-05,5.57567E-05,2.4091E-05,4.44428E-05,4.236E-05,6.61685E-05,0.00014799,5.16984E-05,2.48641E-05,6.90164E-05,2.58865E-05,1.83422E-05,6.43846E-05,3.25364E-05,7.7678E-05,0.000237163,4.8148E-05,1.44258E-05,5.85627E-05,5.98535E-05,2.71754E-05,3.42325E-05,3.05004E-05,4.48234E-05,8.71424E-05,3.03586E-07,8.52102E-05,5.4775E-05,0.0001029,8.56885E-05,5.20145E-05,1.60018E-05,3.9861E-05,4.04766E-05,6.83373E-05,4.70552E-05,5.15778E-05,4.92847E-05,3.79322E-05,3.95229E-05,0.000124942,7.32635E-05,8.75869E-05,0.000117559,5.01714E-05,4.55678E-05,3.62661E-05,6.77683E-05,4.4036E-05,
,4.50131E-05,5.93048E-05,6.09823E-05,5.41578E-05,6.07541E-05,4.23545E-05,9.87246E-05,6.75064E-05,5.30889E-05,6.95853E-05,5.92752E-05,5.97931E-05,4.49639E-05,8.46356E-05,5.89649E-05,4.33344E-05,5.71373E-05,6.42258E-05,6.43813E-05,4.09339E-05,2.93139E-05,5.32546E-05,5.40746E-05,4.57862E-05,6.39634E-05,6.91998E-05,5.52453E-05,1.62945E-05,6.69058E-05,6.63449E-05,6.44188E-05,0.000118571,5.5717E-05,3.25875E-05,5.51961E-05,5.36679E-05,5.5223E-05,6.31684E-05,5.07716E-05,5.67008E-05,5.28669E-05,2.8811E-05,3.45124E-05,5.83305E-05,6.32739E-05,7.02537E-05,6.32719E-05,4.51668E-05,8.26794E-05,3.88043E-05,3.27196E-05,5.06202E-05,4.19695E-05,5.17245E-05,5.20721E-05,6.00575E-05,3.92698E-05,6.16218E-05,5.51481E-05,4.85724E-05,3.78874E-05,5.54694E-05,6.16558E-05,7.66821E-05,2.40837E-05,5.81977E-05,5.54897E-05,7.69547E-05,6.2107E-05,5.82901E-05,3.41366E-05,5.1322E-05,5.34946E-05,7.22962E-05,5.57446E-05,6.0179E-05,6.07278E-05,3.39788E-05,3.54405E-05,4.54392E-05,7.38648E-05,5.47022E-05,2.29415E-05,5.3189E-05,5.89678E-05,4.09893E-05,3.31983E-05,5.78089E-05,
,0.000118811,9.6877E-05,0.00010582,0.00014323,8.88631E-05,7.69198E-05,6.75064E-05,0.00152512,0.000117092,0.000143541,8.43637E-05,0.000197637,9.2169E-05,0.000149365,0.000179194,5.9959E-05,7.82886E-05,0.000115905,7.1713E-05,5.34187E-05,4.7839E-05,7.63623E-05,0.000104377,5.04224E-05,0.000112494,0.000118586,0.00010472,-4.693E-06,0.000123416,0.000163929,0.000123811,0.000332194,7.73572E-05,5.13102E-05,7.40367E-05,9.17265E-05,8.56464E-05,0.0001287,7.69455E-05,6.86267E-05,5.11846E-05,7.79577E-05,3.98037E-05,0.000102299,0.000165426,0.000145364,8.80713E-05,4.76365E-05,0.000112848,2.16797E-05,4.88578E-05,0.000106956,5.70013E-05,8.1012E-05,4.85253E-05,0.000125548,5.89116E-05,0.000233604,5.28341E-05,8.58741E-05,4.42164E-05,7.696E-05,9.38591E-05,0.000387283,0.000271408,0.000177064,5.15206E-05,0.000150995,0.000358481,0.000123256,4.75182E-05,6.45224E-05,8.93229E-05,0.000151773,0.000159586,0.00010064,0.000114838,4.56632E-05,5.02648E-05,4.46498E-05,0.000101212,0.000235454,0.000162698,8.67979E-05,0.000112254,5.46953E-05,3.65418E-05,8.16281E-05,
,9.79847E-05,8.23967E-05,6.90251E-05,6.13212E-05,6.36503E-05,4.80493E-05,5.30889E-05,0.000117092,0.000326577,9.23244E-05,5.35922E-05,0.00012069,6.32707E-05,7.42973E-05,9.90457E-05,4.96288E-05,5.33869E-05,8.58494E-05,3.84159E-05,4.12269E-05,2.10895E-05,5.55832E-05,6.69086E-05,3.83844E-05,5.51878E-05,6.48409E-05,6.14087E-05,1.62082E-05,5.75719E-05,8.47915E-05,6.89833E-05,0.00010093,6.95937E-05,3.72765E-05,5.12157E-05,4.9846E-05,6.57305E-05,6.18805E-05,0.000153245,4.90143E-05,4.99199E-05,3.49023E-05,4.34997E-05,5.7685E-05,8.949E-05,9.98309E-05,6.72517E-05,4.75003E-05,7.27316E-05,3.77931E-05,3.47154E-05,5.12168E-05,3.92399E-05,6.88124E-05,1.60983E-05,0.000103787,5.73928E-05,9.34618E-05,5.44057E-05,6.07369E-05,4.65256E-05,5.87155E-05,0.000130929,0.000114646,8.89027E-05,0.000186876,7.69991E-05,6.7816E-05,0.00012693,9.59262E-05,3.78783E-05,4.43712E-05,5.14616E-05,8.64414E-05,7.04335E-05,7.51382E-05,5.76007E-05,3.92235E-05,3.10762E-05,4.46625E-05,7.32057E-05,0.000148572,0.000122274,6.61922E-05,0.000101273,3.58234E-05,3.30259E-05,5.02152E-05,
,8.0745E-05,7.86851E-05,8.0169E-05,7.68157E-05,7.63429E-05,7.05988E-05,6.95853E-05,0.000143541,9.23244E-05,0.000196695,8.48094E-05,0.000121001,6.57286E-05,0.000108574,0.00011302,5.93473E-05,7.37838E-05,9.61517E-05,7.01993E-05,4.61073E-05,3.60284E-05,6.59568E-05,7.86387E-05,6.59841E-05,8.12417E-05,0.0001061,8.23562E-05,9.62498E-06,9.48733E-05,9.54364E-05,9.40999E-05,0.00015912,6.91424E-05,4.49791E-05,7.81976E-05,7.49347E-05,7.0852E-05,9.25732E-05,8.33052E-05,7.99728E-05,7.93111E-05,3.09255E-05,4.55556E-05,6.87159E-05,8.68438E-05,0.000101123,9.68495E-05,5.76995E-05,0.000100236,4.60215E-05,3.33993E-05,9.24093E-05,5.79862E-05,8.99886E-05,6.88012E-05,9.19209E-05,5.14914E-05,0.000105957,7.08732E-05,6.42337E-05,4.63252E-05,8.00147E-05,8.74515E-05,0.000147981,6.60202E-05,0.000110867,9.67845E-05,0.000120633,0.000114168,9.43477E-05,3.89598E-05,5.84501E-05,8.13797E-05,9.23559E-05,8.2179E-05,9.57819E-05,7.71559E-05,4.53071E-05,4.14179E-05,6.1864E-05,0.000100231,0.000111041,9.0518E-05,6.98753E-05,8.92132E-05,4.54053E-05,3.83517E-05,6.81643E-05,
,6.36118E-05,6.28568E-05,7.40098E-05,6.99779E-05,6.26884E-05,4.2722E-05,5.92752E-05,8.43637E-05,5.35922E-05,8.48094E-05,0.000145988,9.09423E-05,5.27407E-05,9.3608E-05,8.01744E-05,4.93758E-05,5.86914E-05,7.17954E-05,6.32058E-05,5.15374E-05,3.61705E-05,5.73119E-05,6.59046E-05,4.96907E-05,7.37836E-05,8.93561E-05,7.74776E-05,2.01622E-05,8.88022E-05,9.54209E-05,7.68113E-05,0.000155009,5.75203E-05,4.21232E-05,6.73215E-05,6.55142E-05,6.16211E-05,7.50833E-05,6.54665E-05,6.55712E-05,6.92902E-05,3.09506E-05,4.19108E-05,6.40555E-05,7.2122E-05,8.30872E-05,7.77001E-05,4.8837E-05,8.46525E-05,4.53471E-05,3.88745E-05,6.86266E-05,4.85641E-05,7.00467E-05,6.28922E-05,8.25655E-05,4.78859E-05,7.87242E-05,4.86432E-05,6.40242E-05,4.40161E-05,6.43747E-05,7.43426E-05,0.000119418,5.83774E-05,7.91473E-05,7.32493E-05,0.000100597,8.55921E-05,7.54846E-05,4.05099E-05,4.65841E-05,9.04116E-05,9.50532E-05,7.09509E-05,7.14607E-05,7.69157E-05,4.81529E-05,3.9925E-05,4.93293E-05,7.96024E-05,7.27705E-05,6.26841E-05,6.56793E-05,7.63102E-05,4.24399E-05,3.61519E-05,6.65733E-05,
,0.000150471,9.13275E-05,9.22673E-05,7.83648E-05,8.33874E-05,4.96918E-05,5.97931E-05,0.000197637,0.00012069,0.000121001,9.09423E-05,0.000408318,7.69777E-05,0.000114454,0.000166499,5.27124E-05,7.85481E-05,0.00012444,5.94307E-05,4.82037E-05,2.78255E-05,7.35885E-05,8.28862E-05,6.01786E-05,7.0424E-05,9.42895E-05,8.88859E-05,9.26948E-06,9.66658E-05,9.64935E-05,9.40634E-05,0.000198825,7.69877E-05,4.20154E-05,7.63862E-05,7.82167E-05,9.2658E-05,0.000108527,0.000117687,7.17237E-05,6.16795E-05,3.04689E-05,5.15496E-05,7.75505E-05,0.000143256,0.000175779,9.6848E-05,5.83482E-05,0.000101956,4.16994E-05,3.89343E-05,8.35052E-05,4.97522E-05,7.7439E-05,4.40696E-05,0.00011545,6.30368E-05,0.00020045,7.76256E-05,8.62686E-05,5.19168E-05,8.66626E-05,0.000127769,0.00025831,7.70619E-05,0.000156099,0.000119088,0.000110992,0.000217044,0.000125573,4.55177E-05,6.01279E-05,8.69919E-05,8.79451E-05,0.000145913,8.88744E-05,7.10213E-05,4.58367E-05,3.86297E-05,4.80817E-05,9.33419E-05,0.000174107,0.000135751,8.4879E-05,0.000106445,4.08772E-05,4.25721E-05,6.29701E-05,
,5.46282E-05,7.88931E-05,8.2644E-05,4.62896E-05,5.50414E-05,2.98824E-05,4.49639E-05,9.2169E-05,6.32707E-05,6.57286E-05,5.27407E-05,7.69777E-05,0.000130396,5.80084E-05,7.99623E-05,5.48736E-05,6.28538E-05,7.82044E-05,4.95576E-05,3.86131E-05,2.92585E-05,4.45187E-05,5.06842E-05,5.27569E-05,4.69639E-05,4.60505E-05,4.98543E-05,2.63844E-05,4.82395E-05,5.13077E-05,4.45266E-05,9.54552E-05,4.96845E-05,4.12505E-05,5.24711E-05,4.64099E-05,6.20681E-05,5.00669E-05,6.94886E-05,4.54341E-05,4.32301E-05,3.19085E-05,4.06749E-05,5.02506E-05,6.41519E-05,8.34444E-05,5.27563E-05,5.37355E-05,5.71364E-05,3.69443E-05,3.44854E-05,4.9139E-05,3.67979E-05,4.98936E-05,2.68772E-05,7.12089E-05,3.72809E-05,6.88493E-05,5.76455E-05,7.95271E-05,4.0353E-05,5.54484E-05,7.17189E-05,8.90133E-05,2.18406E-05,9.04783E-05,5.92135E-05,5.58568E-05,7.11823E-05,3.81098E-05,3.59461E-05,5.75075E-05,5.09275E-05,4.78624E-05,6.3264E-05,5.32533E-05,4.11086E-05,4.02214E-05,3.07577E-05,4.16636E-05,5.18684E-05,6.45689E-05,3.72053E-05,6.65954E-05,6.88549E-05,3.49404E-05,3.93053E-05,4.48841E-05,
,8.01329E-05,8.66163E-05,9.55286E-05,0.000102576,7.65705E-05,8.01676E-05,8.46356E-05,0.000149365,7.42973E-05,0.000108574,9.3608E-05,0.000114454,5.80084E-05,0.000223812,0.000125549,6.27508E-05,8.99664E-05,0.000115079,8.46435E-05,5.10353E-05,2.99839E-05,8.00582E-05,7.85013E-05,6.82031E-05,9.98868E-05,0.000123784,8.24371E-05,5.29397E-06,0.000115469,0.000125551,0.0001095,0.000245293,9.19966E-05,4.05643E-05,8.20934E-05,8.01369E-05,9.53665E-05,9.86527E-05,7.75046E-05,9.04174E-05,8.42929E-05,3.74278E-05,4.78205E-05,8.38674E-05,9.64675E-05,0.000121744,9.7922E-05,6.04309E-05,0.000131265,4.88584E-05,4.06928E-05,8.42805E-05,5.83314E-05,8.58957E-05,9.90795E-05,9.1838E-05,4.87774E-05,0.00011344,9.55675E-05,6.54998E-05,4.83529E-05,7.66802E-05,9.11824E-05,0.000160318,0.000104888,0.000105072,8.1918E-05,0.000136172,0.000100575,0.000100435,4.18021E-05,7.08076E-05,9.09398E-05,0.000120818,9.8635E-05,9.76579E-05,9.80584E-05,4.93235E-05,5.20605E-05,6.78745E-05,0.000146191,0.000101335,8.78574E-05,8.04604E-05,8.70068E-05,5.48771E-05,4.62904E-05,8.63082E-05,
,9.41067E-05,0.000169567,0.000129094,8.12382E-05,7.65549E-05,7.50769E-05,5.89649E-05,0.000179194,9.90457E-05,0.00011302,8.01744E-05,0.000166499,7.99623E-05,0.000125549,0.000569021,0.00013184,0.000120909,0.000248684,6.15645E-05,2.80367E-05,1.35322E-05,7.43308E-05,8.58311E-05,7.99233E-05,5.20797E-05,7.43109E-05,7.396E-05,-1.46037E-05,7.29015E-05,0.000139517,9.50852E-05,0.000144819,9.22642E-05,4.21827E-05,7.17195E-05,6.32333E-05,0.000178801,8.09446E-05,9.62119E-05,6.65571E-05,5.53919E-05,3.54593E-05,2.94345E-05,5.86198E-05,0.000102469,0.000268501,7.82384E-05,6.6997E-05,0.000113279,3.11764E-05,1.32515E-05,9.09388E-05,5.37941E-05,8.13429E-05,8.63431E-05,9.88788E-05,3.52128E-05,0.000126488,0.00013049,0.000101308,2.54353E-05,6.35356E-05,8.6841E-05,0.000173305,3.7529E-05,0.000123885,4.8771E-05,9.80534E-05,0.000139986,9.95391E-05,2.79182E-05,0.00010362,5.82767E-05,7.0048E-05,0.000109008,8.46871E-05,4.56046E-05,4.33038E-05,2.33821E-05,5.74816E-05,9.86757E-05,0.000111143,0.000136993,0.000101875,9.5675E-05,2.86274E-05,3.08334E-05,4.52146E-05,
,4.90536E-05,0.000103396,7.35313E-05,4.69286E-05,4.97365E-05,3.82288E-05,4.33344E-05,5.9959E-05,4.96288E-05,5.93473E-05,4.93758E-05,5.27124E-05,5.48736E-05,6.27508E-05,0.00013184,0.00024397,8.36645E-05,0.000138671,4.69669E-05,4.15521E-05,3.20501E-05,4.89102E-05,5.01906E-05,5.16643E-05,4.49119E-05,4.72451E-05,4.96016E-05,2.28949E-05,4.60531E-05,3.27924E-05,5.72293E-05,8.7195E-05,4.64501E-05,3.58034E-05,5.27839E-05,4.68997E-05,9.96756E-05,4.68989E-05,4.8328E-05,4.29575E-05,3.34626E-05,3.56331E-05,3.74817E-05,3.85831E-05,5.02976E-05,0.000124733,5.06676E-05,6.01909E-05,6.32736E-05,4.31846E-05,2.7802E-05,4.36659E-05,4.63605E-05,5.14322E-05,4.06598E-05,6.53988E-05,3.78135E-05,5.42063E-05,9.25675E-05,6.39973E-05,2.89869E-05,4.72482E-05,5.42367E-05,7.02223E-05,-2.02348E-05,6.60652E-05,3.50774E-05,5.6888E-05,5.93186E-05,5.74479E-05,3.21825E-05,7.23029E-05,4.01955E-05,4.7619E-05,6.21495E-05,5.37702E-05,4.23787E-05,3.93263E-05,3.05379E-05,4.18803E-05,5.81443E-05,6.81793E-05,6.76978E-05,6.58306E-05,6.52921E-05,3.50338E-05,3.65068E-05,3.8295E-05,
,5.79329E-05,0.000101948,8.51026E-05,5.4375E-05,6.24378E-05,6.02635E-05,5.71373E-05,7.82886E-05,5.33869E-05,7.37838E-05,5.86914E-05,7.85481E-05,6.28538E-05,8.99664E-05,0.000120909,8.36645E-05,0.000263288,0.000126353,5.74065E-05,3.79203E-05,2.89939E-05,6.17037E-05,5.10135E-05,0.000104115,5.4019E-05,5.05201E-05,5.3142E-05,1.59636E-05,5.58946E-05,6.74895E-05,6.53444E-05,0.000112659,5.65773E-05,3.84443E-05,5.32229E-05,5.92628E-05,9.8517E-05,6.18615E-05,6.34023E-05,5.89061E-05,6.49508E-05,2.91448E-05,4.06721E-05,5.43886E-05,6.38563E-05,0.000108848,5.34893E-05,6.20117E-05,8.28135E-05,4.06996E-05,2.73584E-05,6.65446E-05,4.17994E-05,7.02583E-05,6.91713E-05,5.54169E-05,3.51821E-05,6.22698E-05,0.000195204,6.79683E-05,3.4946E-05,5.24239E-05,6.17173E-05,8.92376E-05,-5.2867E-06,7.24263E-05,4.86986E-05,8.04431E-05,5.76899E-05,8.84378E-05,2.79832E-05,7.57342E-05,4.79853E-05,6.55949E-05,6.73443E-05,5.91561E-05,4.83156E-05,3.98467E-05,3.42097E-05,5.34912E-05,7.93211E-05,8.27319E-05,6.61548E-05,7.46741E-05,5.48236E-05,4.3123E-05,4.51079E-05,5.25165E-05,
,8.66781E-05,0.000159545,0.000116027,8.26311E-05,7.51722E-05,7.17677E-05,6.42258E-05,0.000115905,8.58494E-05,9.61517E-05,7.17954E-05,0.00012444,7.82044E-05,0.000115079,0.000248684,0.000138671,0.000126353,0.000374589,6.00802E-05,5.11556E-05,3.52372E-05,8.52181E-05,7.2257E-05,8.00771E-05,7.31602E-05,6.63899E-05,7.25703E-05,2.11036E-05,7.20194E-05,8.80703E-05,8.56838E-05,0.000174694,8.24171E-05,4.96614E-05,7.57974E-05,7.71982E-05,0.000176487,7.844E-05,9.57341E-05,6.79216E-05,5.6471E-05,4.00894E-05,4.42413E-05,6.09432E-05,8.39221E-05,0.000198452,7.19233E-05,8.67637E-05,0.00010061,4.87699E-05,3.27115E-05,7.97991E-05,6.43897E-05,8.36042E-05,7.26048E-05,9.55812E-05,4.74155E-05,9.29967E-05,0.000136125,9.54927E-05,3.85628E-05,6.76797E-05,9.52632E-05,0.00015021,2.26755E-05,0.000122394,4.46866E-05,8.65444E-05,0.000104732,8.99469E-05,3.87333E-05,9.74241E-05,5.77762E-05,7.56507E-05,0.000106541,8.0806E-05,6.14649E-05,5.01733E-05,3.9476E-05,5.90946E-05,9.07416E-05,0.000106421,8.07766E-05,9.48103E-05,8.87392E-05,4.36284E-05,4.96091E-05,6.14377E-05,
,4.47447E-05,5.01821E-05,6.37135E-05,5.80224E-05,6.16885E-05,4.79254E-05,6.43813E-05,7.1713E-05,3.84159E-05,7.01993E-05,6.32058E-05,5.94307E-05,4.95576E-05,8.46435E-05,6.15645E-05,4.69669E-05,5.74065E-05,6.00802E-05,0.000114051,4.79203E-05,4.04111E-05,6.09119E-05,6.19548E-05,5.00892E-05,6.11059E-05,7.31814E-05,5.71051E-05,2.62588E-05,6.85712E-05,4.44496E-05,6.15617E-05,0.000103313,5.40508E-05,4.60763E-05,6.32243E-05,5.70086E-05,5.11819E-05,6.12878E-05,4.83204E-05,6.73457E-05,5.92015E-05,3.3677E-05,4.80383E-05,5.77527E-05,5.9734E-05,5.90121E-05,6.86576E-05,4.83046E-05,8.52264E-05,4.81513E-05,3.79402E-05,6.20586E-05,4.79515E-05,6.39166E-05,5.95856E-05,5.82866E-05,3.62411E-05,5.6594E-05,4.97892E-05,5.1468E-05,4.58853E-05,6.161E-05,6.04907E-05,6.79965E-05,-1.39095E-06,5.76104E-05,4.98489E-05,7.40568E-05,5.81304E-05,5.71054E-05,3.96943E-05,4.99549E-05,5.25211E-05,5.41743E-05,5.58122E-05,6.58624E-05,5.29011E-05,4.30074E-05,4.63729E-05,5.14719E-05,7.70802E-05,4.40034E-05,7.6445E-06,5.61016E-05,5.72336E-05,4.69474E-05,4.1084E-05,5.43203E-05,
,4.04954E-05,3.10258E-05,4.77834E-05,5.28634E-05,4.84402E-05,1.83243E-05,4.09339E-05,5.34187E-05,4.12269E-05,4.61073E-05,5.15374E-05,4.82037E-05,3.86131E-05,5.10353E-05,2.80367E-05,4.15521E-05,3.79203E-05,5.11556E-05,4.79203E-05,0.00010446,6.75594E-05,4.14581E-05,3.98352E-05,4.53386E-05,4.60643E-05,4.88873E-05,4.74777E-05,3.8957E-05,4.07848E-05,2.87929E-05,4.26992E-05,6.37125E-05,3.65964E-05,4.87535E-05,3.57291E-05,3.89786E-05,3.50083E-05,4.26352E-05,4.11402E-05,5.03045E-05,3.64972E-05,4.98354E-05,5.65963E-05,4.27319E-05,4.37685E-05,4.2176E-05,4.66213E-05,4.36459E-05,4.2666E-05,7.28753E-05,4.8047E-05,4.68613E-05,3.17607E-05,4.35928E-05,3.10814E-05,4.95809E-05,4.06111E-05,4.02012E-05,3.80374E-05,4.13171E-05,5.59611E-05,4.22537E-05,4.74034E-05,5.95941E-05,4.08774E-06,3.94607E-05,3.39526E-05,4.30357E-05,3.92864E-05,6.07078E-05,5.58861E-05,3.28979E-05,4.05701E-05,3.94306E-05,3.5391E-05,4.12213E-05,3.94672E-05,4.08974E-05,4.01275E-05,4.233E-05,4.30354E-05,3.75655E-05,3.63965E-06,3.90796E-05,4.89297E-05,4.14363E-05,4.4772E-05,4.13656E-05,
,3.45045E-05,2.49302E-05,3.30596E-05,3.60609E-05,3.78559E-05,1.94956E-05,2.93139E-05,4.7839E-05,2.10895E-05,3.60284E-05,3.61705E-05,2.78255E-05,2.92585E-05,2.99839E-05,1.35322E-05,3.20501E-05,2.89939E-05,3.52372E-05,4.04111E-05,6.75594E-05,0.000113837,3.71379E-05,3.30341E-05,4.01776E-05,3.21917E-05,2.60601E-05,3.07999E-05,4.10804E-05,2.36304E-05,5.85691E-06,2.68719E-05,6.62789E-06,2.68692E-05,5.03876E-05,2.74803E-05,2.21294E-05,2.03092E-05,2.12099E-05,3.1676E-05,3.81661E-05,2.14308E-05,4.82837E-05,6.6069E-05,2.60965E-05,3.05711E-05,1.79784E-05,3.11076E-05,3.63098E-05,2.48138E-05,7.63777E-05,4.44159E-05,4.02085E-05,2.9081E-05,3.55573E-05,3.32655E-05,3.37898E-05,3.2269E-05,3.01205E-05,1.95247E-05,3.41445E-05,6.04321E-05,3.12311E-05,3.62195E-05,3.7675E-05,-9.14557E-06,3.21553E-05,2.71952E-05,2.55627E-05,3.97398E-05,3.8104E-05,5.11551E-05,2.82877E-05,2.70567E-05,1.62837E-05,3.13311E-05,2.28083E-05,1.94825E-05,4.42688E-05,4.25703E-05,3.44509E-05,3.19307E-05,2.58638E-05,-3.66127E-06,3.43057E-05,3.37849E-05,4.25322E-05,4.30583E-05,2.80989E-05,
,6.10892E-05,6.34937E-05,6.07183E-05,5.59621E-05,6.596E-05,4.99507E-05,5.32546E-05,7.63623E-05,5.55832E-05,6.59568E-05,5.73119E-05,7.35885E-05,4.45187E-05,8.00582E-05,7.43308E-05,4.89102E-05,6.17037E-05,8.52181E-05,6.09119E-05,4.14581E-05,3.71379E-05,0.000165195,6.08998E-05,5.56251E-05,6.22004E-05,6.6097E-05,5.765E-05,1.87657E-05,6.29836E-05,7.11453E-05,6.77523E-05,0.000129092,8.28204E-05,4.14714E-05,5.55465E-05,6.06956E-05,6.58284E-05,6.44727E-05,5.85492E-05,5.87345E-05,5.70624E-05,3.82774E-05,4.31048E-05,5.51993E-05,6.76922E-05,7.87061E-05,5.92369E-05,4.44935E-05,7.62763E-05,4.24227E-05,3.29348E-05,6.77956E-05,4.35358E-05,6.09137E-05,5.91734E-05,5.76014E-05,3.6228E-05,5.87658E-05,5.21178E-05,5.38482E-05,4.08852E-05,5.5395E-05,6.74441E-05,8.87066E-05,3.03547E-05,6.89661E-05,4.1907E-05,8.16668E-05,7.57536E-05,8.55475E-05,3.81584E-05,4.74514E-05,5.60873E-05,7.51091E-05,6.53328E-05,6.04133E-05,5.62014E-05,4.01372E-05,5.67971E-05,4.99388E-05,6.68585E-05,7.21794E-05,5.69403E-05,5.52566E-05,5.81212E-05,5.45537E-05,3.89166E-05,6.00753E-05,
,5.57678E-05,6.75981E-05,6.68786E-05,5.80506E-05,6.71154E-05,4.83904E-05,5.40746E-05,0.000104377,6.69086E-05,7.86387E-05,6.59046E-05,8.28862E-05,5.06842E-05,7.85013E-05,8.58311E-05,5.01906E-05,5.10135E-05,7.2257E-05,6.19548E-05,3.98352E-05,3.30341E-05,6.08998E-05,0.000142582,4.31356E-05,5.70328E-05,7.24989E-05,6.02857E-05,2.19981E-05,6.92015E-05,6.01327E-05,6.19516E-05,0.00010644,5.46392E-05,3.93357E-05,6.35922E-05,5.59737E-05,6.59157E-05,6.03308E-05,6.51212E-05,6.48204E-05,5.44623E-05,2.8346E-05,4.45551E-05,5.7506E-05,7.45577E-05,9.19542E-05,6.82629E-05,4.37029E-05,7.66274E-05,3.87529E-05,3.07965E-05,6.37377E-05,4.88508E-05,6.48094E-05,5.31218E-05,7.1148E-05,3.69252E-05,7.34517E-05,5.07276E-05,5.04564E-05,4.35909E-05,6.07188E-05,7.24133E-05,9.6053E-05,4.80732E-05,8.7053E-05,4.67453E-05,7.75553E-05,8.62852E-05,6.26119E-05,3.49587E-05,4.80754E-05,5.89066E-05,6.43501E-05,5.87405E-05,6.80293E-05,5.71074E-05,4.2596E-05,3.61311E-05,4.40881E-05,7.12996E-05,6.71597E-05,5.4401E-05,6.0174E-05,6.92054E-05,4.13483E-05,3.17135E-05,5.11382E-05,
,4.56873E-05,6.4716E-05,6.476E-05,5.87021E-05,5.26015E-05,4.61167E-05,4.57862E-05,5.04224E-05,3.83844E-05,6.59841E-05,4.96907E-05,6.01786E-05,5.27569E-05,6.82031E-05,7.99233E-05,5.16643E-05,0.000104115,8.00771E-05,5.00892E-05,4.53386E-05,4.01776E-05,5.56251E-05,4.31356E-05,0.000185808,4.73349E-05,4.58138E-05,5.00796E-05,2.1724E-05,4.71222E-05,5.4025E-05,5.40877E-05,7.15174E-05,5.00426E-05,4.28604E-05,5.1676E-05,5.45444E-05,7.46832E-05,4.64634E-05,4.59339E-05,5.44285E-05,4.15664E-05,3.71084E-05,5.1823E-05,4.48358E-05,4.87845E-05,6.94763E-05,5.21198E-05,4.78848E-05,6.24181E-05,4.99117E-05,3.60852E-05,5.02418E-05,4.22285E-05,6.49915E-05,4.90659E-05,5.24528E-05,4.0846E-05,4.02512E-05,0.000104143,5.72254E-05,4.27109E-05,4.80355E-05,5.6479E-05,6.54396E-05,-2.19272E-05,5.44982E-05,3.63355E-05,6.03927E-05,3.674E-05,6.81535E-05,4.0898E-05,6.25659E-05,4.61366E-05,4.60755E-05,5.07478E-05,4.73627E-05,4.35958E-05,4.34519E-05,3.84303E-05,5.62306E-05,6.57807E-05,5.7328E-05,2.67704E-05,7.16149E-05,5.60123E-05,4.90566E-05,6.07082E-05,4.42905E-05,
,5.91072E-05,6.73933E-05,6.28859E-05,8.47322E-05,5.97749E-05,6.46428E-05,6.39634E-05,0.000112494,5.51878E-05,8.12417E-05,7.37836E-05,7.0424E-05,4.69639E-05,9.98868E-05,5.20797E-05,4.49119E-05,5.4019E-05,7.31602E-05,6.11059E-05,4.60643E-05,3.21917E-05,6.22004E-05,5.70328E-05,4.73349E-05,0.000197229,0.00011433,7.71131E-05,1.76769E-05,9.76372E-05,0.000140439,9.35315E-05,0.000267404,6.91547E-05,3.77301E-05,5.38307E-05,7.97029E-05,5.89395E-05,7.98969E-05,5.58939E-05,6.78069E-05,7.35458E-05,3.97974E-05,4.03032E-05,6.61621E-05,7.71026E-05,9.24131E-05,7.58147E-05,4.9736E-05,9.46792E-05,4.43062E-05,3.82179E-05,5.81905E-05,3.6783E-05,5.55951E-05,6.21691E-05,6.91985E-05,4.44376E-05,7.94321E-05,5.04761E-05,5.02659E-05,4.49107E-05,6.30623E-05,7.43158E-05,0.000119511,0.000119126,7.03678E-05,6.98366E-05,0.000112058,7.21593E-05,7.03805E-05,3.72305E-05,4.7665E-05,7.6073E-05,0.000196643,7.59949E-05,7.59966E-05,0.000145571,3.94782E-05,4.79726E-05,4.63113E-05,8.4878E-05,7.93302E-05,5.6927E-05,5.44103E-05,6.41426E-05,5.36189E-05,3.14319E-05,0.000129959,
,7.05611E-05,5.67003E-05,7.03731E-05,8.99052E-05,7.03361E-05,5.04653E-05,6.91998E-05,0.000118586,6.48409E-05,0.0001061,8.93561E-05,9.42895E-05,4.60505E-05,0.000123784,7.43109E-05,4.72451E-05,5.05201E-05,6.63899E-05,7.31814E-05,4.88873E-05,2.60601E-05,6.6097E-05,7.24989E-05,4.58138E-05,0.00011433,0.000218719,8.60523E-05,7.40083E-06,0.000134457,0.000118432,0.000100241,0.000252568,7.21835E-05,3.22625E-05,7.7918E-05,7.51948E-05,6.1042E-05,9.77698E-05,6.28901E-05,8.69776E-05,9.57176E-05,3.25467E-05,3.92099E-05,7.07091E-05,8.39817E-05,0.000101917,0.000107052,4.7937E-05,0.000105662,4.42953E-05,3.49998E-05,7.02688E-05,5.10517E-05,7.147E-05,6.74568E-05,7.67388E-05,3.94816E-05,9.93283E-05,5.66979E-05,5.3425E-05,4.4777E-05,7.9271E-05,7.84553E-05,0.000127276,9.10194E-05,8.29507E-05,7.77667E-05,0.000126515,9.11975E-05,8.359E-05,3.6287E-05,4.71746E-05,8.91525E-05,0.000155781,8.31533E-05,9.99011E-05,0.000128326,4.2507E-05,4.91005E-05,4.45813E-05,0.000102367,8.61355E-05,6.81633E-05,5.43918E-05,7.26285E-05,5.10662E-05,4.0437E-05,9.19672E-05,
,6.11811E-05,6.20972E-05,6.56881E-05,6.79914E-05,6.14764E-05,4.35989E-05,5.52453E-05,0.00010472,6.14087E-05,8.23562E-05,7.74776E-05,8.88859E-05,4.98543E-05,8.24371E-05,7.396E-05,4.96016E-05,5.3142E-05,7.25703E-05,5.71051E-05,4.74777E-05,3.07999E-05,5.765E-05,6.02857E-05,5.00796E-05,7.71131E-05,8.60523E-05,0.00012091,1.33165E-05,7.64206E-05,8.91063E-05,7.08188E-05,0.000168347,5.335E-05,3.36946E-05,5.75581E-05,6.25672E-05,6.18185E-05,6.6478E-05,5.80149E-05,6.31334E-05,6.12879E-05,2.62538E-05,4.04466E-05,5.35837E-05,7.12284E-05,8.96127E-05,7.22103E-05,4.5119E-05,8.26467E-05,4.28049E-05,3.5896E-05,6.00221E-05,4.01638E-05,6.42923E-05,4.69893E-05,7.12277E-05,4.44582E-05,7.77742E-05,5.12165E-05,5.62511E-05,4.22519E-05,6.01023E-05,6.91299E-05,0.000105975,3.8625E-05,8.33825E-05,4.56994E-05,8.56938E-05,7.81331E-05,7.20773E-05,4.00068E-05,4.53692E-05,7.57148E-05,9.96967E-05,6.24664E-05,7.02403E-05,8.14088E-05,3.7789E-05,3.84853E-05,5.03601E-05,7.28241E-05,7.62195E-05,5.95514E-05,5.67519E-05,7.00842E-05,3.77003E-05,3.24239E-05,6.64124E-05,
,9.74341E-06,1.82158E-05,2.08104E-05,2.18413E-05,2.80166E-05,6.85705E-06,1.62945E-05,-4.693E-06,1.62082E-05,9.62498E-06,2.01622E-05,9.26948E-06,2.63844E-05,5.29397E-06,-1.46037E-05,2.28949E-05,1.59636E-05,2.11036E-05,2.62588E-05,3.8957E-05,4.10804E-05,1.87657E-05,2.19981E-05,2.1724E-05,1.76769E-05,7.40083E-06,1.33165E-05,0.000104902,1.18548E-05,-1.25893E-05,6.7207E-06,-6.95486E-06,1.14539E-05,5.34958E-05,1.6527E-05,1.2438E-05,9.11015E-06,7.3771E-06,1.79533E-05,1.8782E-05,1.11429E-05,5.99643E-05,4.34597E-05,1.7361E-05,1.81151E-05,-1.1055E-05,1.79647E-05,2.52203E-05,-5.08009E-06,3.85493E-05,3.57379E-05,1.8345E-05,1.78796E-05,1.46009E-05,-2.27774E-06,1.62511E-05,2.47527E-05,9.06344E-06,6.23956E-06,2.6016E-05,4.01009E-05,2.31673E-05,2.21321E-05,-6.14926E-06,-1.45469E-05,1.88488E-05,1.71211E-05,2.44196E-06,1.29196E-05,1.30523E-05,3.74236E-05,1.81265E-05,1.3789E-05,-3.78441E-06,1.38864E-05,1.47138E-05,1.85448E-06,3.00181E-05,2.93617E-05,1.7516E-05,6.70206E-06,8.64174E-06,-3.25287E-05,2.31676E-05,1.63463E-05,3.46366E-05,2.89711E-05,1.99548E-05,
,7.06601E-05,6.80449E-05,7.18042E-05,7.78153E-05,6.72312E-05,4.89709E-05,6.69058E-05,0.000123416,5.75719E-05,9.48733E-05,8.88022E-05,9.66658E-05,4.82395E-05,0.000115469,7.29015E-05,4.60531E-05,5.58946E-05,7.20194E-05,6.85712E-05,4.07848E-05,2.36304E-05,6.29836E-05,6.92015E-05,4.71222E-05,9.76372E-05,0.000134457,7.64206E-05,1.18548E-05,0.000171915,0.00010667,9.12626E-05,0.000232172,6.68937E-05,3.60608E-05,7.58434E-05,7.98104E-05,6.98066E-05,8.79182E-05,6.55198E-05,8.27315E-05,9.60502E-05,2.69574E-05,3.55995E-05,7.42381E-05,8.6676E-05,0.000105088,9.91165E-05,4.86926E-05,9.72537E-05,3.75631E-05,3.42568E-05,6.97014E-05,5.31033E-05,6.83769E-05,7.19572E-05,7.47037E-05,4.38859E-05,9.85794E-05,5.6099E-05,5.60334E-05,4.38271E-05,7.75645E-05,7.98285E-05,0.000130241,8.26539E-05,7.70199E-05,7.64106E-05,0.000118592,9.52558E-05,7.72295E-05,3.25224E-05,5.39885E-05,8.55219E-05,0.000120953,8.73647E-05,8.9792E-05,0.000107326,4.15533E-05,4.60007E-05,4.63559E-05,9.41193E-05,8.4198E-05,6.34149E-05,5.87032E-05,6.79813E-05,4.8337E-05,3.74347E-05,8.10563E-05,
,7.40014E-05,8.25023E-05,5.84398E-05,9.51549E-05,5.304E-05,5.20542E-05,6.63449E-05,0.000163929,8.47915E-05,9.54364E-05,9.54209E-05,9.64935E-05,5.13077E-05,0.000125551,0.000139517,3.27924E-05,6.74895E-05,8.80703E-05,4.44496E-05,2.87929E-05,5.85691E-06,7.11453E-05,6.01327E-05,5.4025E-05,0.000140439,0.000118432,8.91063E-05,-1.25893E-05,0.00010667,0.000554839,0.000103585,0.000355882,8.21231E-05,3.82297E-05,5.90137E-05,7.69953E-05,7.29446E-05,8.44729E-05,5.36341E-05,5.33399E-05,7.16364E-05,6.03546E-05,2.74555E-05,6.93143E-05,7.9212E-05,0.00018867,7.37014E-05,3.58631E-05,9.92642E-05,3.03559E-05,2.74186E-05,7.78877E-05,3.25165E-05,8.30084E-05,6.70792E-05,7.88977E-05,3.41697E-05,9.14907E-05,7.50717E-05,5.60383E-05,3.18743E-05,5.1781E-05,8.12582E-05,0.00017649,0.000149023,6.74508E-05,7.3742E-05,0.000123075,0.000108439,9.28344E-05,2.34806E-05,4.50154E-05,8.21467E-05,0.000210861,7.45783E-05,7.18739E-05,0.000152686,3.03042E-05,4.20905E-05,5.35446E-05,9.80116E-05,0.000119401,0.000149028,5.87978E-05,8.08467E-05,4.24774E-05,3.10897E-05,0.000111251,
,6.87974E-05,6.87131E-05,6.8581E-05,7.73218E-05,6.75701E-05,8.65136E-05,6.44188E-05,0.000123811,6.89833E-05,9.40999E-05,7.68113E-05,9.40634E-05,4.45266E-05,0.0001095,9.50852E-05,5.72293E-05,6.53444E-05,8.56838E-05,6.15617E-05,4.26992E-05,2.68719E-05,6.77523E-05,6.19516E-05,5.40877E-05,9.35315E-05,0.000100241,7.08188E-05,6.7207E-06,9.12626E-05,0.000103585,0.000202959,0.000199119,7.45368E-05,3.73221E-05,6.02083E-05,8.15626E-05,6.88931E-05,0.000153636,6.51163E-05,7.7011E-05,7.23658E-05,4.16753E-05,3.88366E-05,7.14109E-05,7.8742E-05,9.20226E-05,7.70249E-05,4.63082E-05,9.75236E-05,3.87975E-05,3.33155E-05,7.45075E-05,4.23937E-05,8.13633E-05,0.000102181,7.31908E-05,4.33795E-05,8.36221E-05,6.78704E-05,5.61772E-05,3.55267E-05,5.97472E-05,7.40038E-05,0.000137035,5.93064E-05,7.71041E-05,6.98271E-05,0.000103551,9.62999E-05,8.82406E-05,3.67803E-05,5.02748E-05,7.30707E-05,9.17852E-05,8.37777E-05,7.13587E-05,8.61744E-05,4.15635E-05,4.51809E-05,6.31991E-05,9.03637E-05,9.36999E-05,8.59734E-05,6.44025E-05,7.30753E-05,5.13847E-05,3.92535E-05,6.76907E-05,
,0.000112286,0.000143616,0.000139526,0.000184399,9.89981E-05,0.000117068,0.000118571,0.000332194,0.00010093,0.00015912,0.000155009,0.000198825,9.54552E-05,0.000245293,0.000144819,8.7195E-05,0.000112659,0.000174694,0.000103313,6.37125E-05,6.62789E-06,0.000129092,0.00010644,7.15174E-05,0.000267404,0.000252568,0.000168347,-6.95486E-06,0.000232172,0.000355882,0.000199119,0.001402464,0.00012942,4.89662E-05,0.000113244,0.000164309,0.000125263,0.000179954,8.14683E-05,0.000131851,0.000166597,5.50452E-05,4.89443E-05,0.00012633,0.000137382,0.000310968,0.000158826,6.8207E-05,0.000189844,5.13674E-05,5.41344E-05,0.000136529,7.28363E-05,0.000109011,0.000127267,0.000136397,6.73186E-05,0.000197975,0.000144983,0.000103464,4.66634E-05,0.000114413,0.000137996,0.000333368,0.000443189,0.000156051,0.000129436,0.000309646,0.000156278,0.000166721,4.31835E-05,8.87746E-05,0.000178022,0.000335262,0.000177577,0.000162509,0.000263058,5.41785E-05,8.06392E-05,8.30914E-05,0.000181096,0.000216132,0.000241507,9.73244E-05,0.000121956,8.0603E-05,6.15767E-05,0.000196171,
,5.95036E-05,5.71636E-05,7.00782E-05,5.60556E-05,7.01083E-05,6.6611E-05,5.5717E-05,7.73572E-05,6.95937E-05,6.91424E-05,5.75203E-05,7.69877E-05,4.96845E-05,9.19966E-05,9.22642E-05,4.64501E-05,5.65773E-05,8.24171E-05,5.40508E-05,3.65964E-05,2.68692E-05,8.28204E-05,5.46392E-05,5.00426E-05,6.91547E-05,7.21835E-05,5.335E-05,1.14539E-05,6.68937E-05,8.21231E-05,7.45368E-05,0.00012942,0.000237833,3.93168E-05,5.28856E-05,6.10247E-05,6.99743E-05,6.78522E-05,5.70033E-05,5.78243E-05,6.7333E-05,3.39491E-05,3.49405E-05,6.08255E-05,5.93448E-05,8.43122E-05,6.08486E-05,4.27378E-05,7.77835E-05,3.67276E-05,2.79228E-05,6.23118E-05,3.96036E-05,6.49786E-05,6.12246E-05,6.67219E-05,3.9079E-05,6.91416E-05,5.52898E-05,5.57302E-05,3.32519E-05,5.34539E-05,6.7832E-05,0.000103165,3.03487E-05,8.84412E-05,4.88567E-05,7.7837E-05,8.59753E-05,7.08705E-05,3.12812E-05,4.34349E-05,6.02957E-05,7.92226E-05,6.75749E-05,6.24775E-05,6.81633E-05,3.94569E-05,4.27571E-05,5.42558E-05,7.34015E-05,8.62703E-05,6.97232E-05,5.75548E-05,6.2699E-05,4.16284E-05,3.07215E-05,5.34799E-05,
,3.59537E-05,4.66012E-05,4.32726E-05,4.32873E-05,4.85739E-05,4.1662E-05,3.25875E-05,5.13102E-05,3.72765E-05,4.49791E-05,4.21232E-05,4.20154E-05,4.12505E-05,4.05643E-05,4.21827E-05,3.58034E-05,3.84443E-05,4.96614E-05,4.60763E-05,4.87535E-05,5.03876E-05,4.14714E-05,3.93357E-05,4.28604E-05,3.77301E-05,3.22625E-05,3.36946E-05,5.34958E-05,3.60608E-05,3.82297E-05,3.73221E-05,4.89662E-05,3.93168E-05,0.000122111,3.0592E-05,3.50139E-05,3.9331E-05,3.22539E-05,3.75909E-05,4.79083E-05,2.72596E-05,9.2072E-05,5.38258E-05,3.59993E-05,4.44588E-05,5.55785E-05,3.54077E-05,3.33945E-05,3.01509E-05,4.92151E-05,3.46296E-05,4.72835E-05,3.15587E-05,4.24959E-05,5.00057E-05,4.31107E-05,3.3351E-05,3.68837E-05,3.35391E-05,4.05484E-05,4.53134E-05,3.53882E-05,4.67345E-05,4.91875E-05,6.75019E-06,4.07427E-05,2.84827E-05,4.19678E-05,4.72069E-05,3.41361E-05,4.14002E-05,3.80647E-05,3.32512E-05,3.18735E-05,3.63534E-05,3.81723E-05,2.45834E-05,4.18267E-05,3.58355E-05,4.9144E-05,4.28557E-05,4.92615E-05,3.79894E-06,4.73654E-05,4.38947E-05,4.4047E-05,4.26749E-05,3.84557E-05,
,5.67784E-05,5.77147E-05,6.85588E-05,5.3592E-05,6.04252E-05,3.39529E-05,5.51961E-05,7.40367E-05,5.12157E-05,7.81976E-05,6.73215E-05,7.63862E-05,5.24711E-05,8.20934E-05,7.17195E-05,5.27839E-05,5.32229E-05,7.57974E-05,6.32243E-05,3.57291E-05,2.74803E-05,5.55465E-05,6.35922E-05,5.1676E-05,5.38307E-05,7.7918E-05,5.75581E-05,1.6527E-05,7.58434E-05,5.90137E-05,6.02083E-05,0.000113244,5.28856E-05,3.0592E-05,0.00012674,5.59595E-05,5.72776E-05,5.95435E-05,6.45055E-05,5.94577E-05,6.77865E-05,2.40518E-05,3.96262E-05,5.50392E-05,6.82249E-05,6.76078E-05,7.52679E-05,4.96524E-05,8.08236E-05,4.01868E-05,2.97567E-05,5.63931E-05,7.63897E-05,6.2496E-05,3.53034E-05,7.08535E-05,4.25534E-05,6.54517E-05,5.06065E-05,5.22059E-05,4.07711E-05,6.78485E-05,7.05611E-05,8.89258E-05,1.1372E-05,8.33609E-05,5.59905E-05,8.30669E-05,8.32849E-05,5.06754E-05,3.55752E-05,5.42371E-05,5.86436E-05,5.96479E-05,6.25399E-05,6.83823E-05,4.95325E-05,3.99826E-05,3.62456E-05,4.58952E-05,6.98997E-05,5.4384E-05,3.20559E-05,5.68216E-05,6.66962E-05,4.07574E-05,3.58869E-05,4.92482E-05,
,5.10394E-05,5.53786E-05,5.93092E-05,6.30834E-05,5.64353E-05,5.25217E-05,5.36679E-05,9.17265E-05,4.9846E-05,7.49347E-05,6.55142E-05,7.82167E-05,4.64099E-05,8.01369E-05,6.32333E-05,4.68997E-05,5.92628E-05,7.71982E-05,5.70086E-05,3.89786E-05,2.21294E-05,6.06956E-05,5.59737E-05,5.45444E-05,7.97029E-05,7.51948E-05,6.25672E-05,1.2438E-05,7.98104E-05,7.69953E-05,8.15626E-05,0.000164309,6.10247E-05,3.50139E-05,5.59595E-05,0.000185218,5.65744E-05,7.92834E-05,5.69889E-05,6.34525E-05,6.37429E-05,3.53642E-05,3.97288E-05,6.58429E-05,5.99471E-05,8.38219E-05,6.60374E-05,4.15902E-05,8.30641E-05,3.46457E-05,3.05436E-05,6.49125E-05,4.05073E-05,5.06717E-05,6.33917E-05,5.95685E-05,4.11116E-05,7.44228E-05,5.32894E-05,5.31698E-05,3.44904E-05,6.07614E-05,6.13678E-05,0.000106986,3.49189E-05,7.1643E-05,5.73493E-05,9.51882E-05,7.469E-05,8.30432E-05,3.12551E-05,5.02971E-05,6.36597E-05,8.57767E-05,6.46389E-05,6.79802E-05,7.54713E-05,3.81918E-05,4.48497E-05,4.61161E-05,7.30698E-05,6.86336E-05,6.13653E-05,5.39245E-05,5.82147E-05,4.9045E-05,3.30356E-05,6.37923E-05,
