,PORT VALUE,50000,,,,,,,,,,,,,,,,,,,,,,,,,,,,,,,,,,,,,,,,,,,,,,,,,,,,,,,,,,,,,,,,,,,,,,,,,,,,
,ABMD,ACC,ACXM,ADTN,ALGN,AMRK,ATVI,BFO,BG,BIP,BJZ,BKCC,BMY,BSMX,BZUN,CCI,CIVI,COG,CTXS,CWH,CYBR,DIOD,DLNG,DLR,DPLO,DTF,ENLK,ENV,EQIX,FTNT,GCI,GDDY,GEL,HAE,HBI,HSC,IMAX,INGN,INOV,IQI,JHS,KEP,KEYS,KO,LEO,MAC,MDSO,MLNX,MMSI,MRK,NATH,NXP,NXQ,PTEN,QGEN,RCII,RGLD,RH,RHT,SNPS,SRE,SSTK,STAG,SUI,TAL,TRGP,USM,VET,VMO,VNO,VRTX,WDC,WRE,WWE,WWW,XOXO,ZAYO,
,0.003263551,-5.18319E-05,0.001188646,-0.00047689,0.003370715,-0.000294699,0.00174964,-0.000117449,0.000258276,0.000605685,-4.89006E-05,-0.000387657,8.70228E-05,0.000246149,0.004055271,0.000700336,-0.000177739,0.000384495,0.00110887,0.00059921,0.000641716,0.001187939,-0.001015782,0.000774599,0.001856189,-0.000163331,-9.60559E-05,0.001195019,0.000808573,0.001894104,0.000474555,0.002047981,-0.000788444,0.002232287,-0.000119271,0.001860429,-0.000731386,0.002910643,-0.000522931,-6.59749E-05,-5.89743E-05,-0.000770327,0.00141453,0.000245833,-0.000184312,-0.000307321,0.001195042,0.001694653,0.002303167,4.71713E-05,0.001542662,9.90924E-05,4.79346E-05,-0.000252115,0.0006775,0.001139951,0.000850381,0.004428693,0.001560558,0.000961447,0.000472013,0.000260556,0.000552414,0.000845187,0.003120099,0.000227104,0.000482676,1.51518E-07,-0.000144149,-4.70532E-05,0.001857342,0.000948326,8.84662E-05,0.003600962,0.001014556,0.001581131,0.000370496,
,,,,,,,,,,,,,,,,,,,,,,,,,,,,,,,,,,,,,,,,,,,,,,,,,,,,,,,,,,,,,,,,,,,,,,,,,,,,,,
,ABMD,ACC,ACXM,ADTN,ALGN,AMRK,ATVI,BFO,BG,BIP,BJZ,BKCC,BMY,BSMX,BZUN,CCI,CIVI,COG,CTXS,CWH,CYBR,DIOD,DLNG,DLR,DPLO,DTF,ENLK,ENV,EQIX,FTNT,GCI,GDDY,GEL,HAE,HBI,HSC,IMAX,INGN,INOV,IQI,JHS,KEP,KEYS,KO,LEO,MAC,MDSO,MLNX,MMSI,MRK,NATH,NXP,NXQ,PTEN,QGEN,RCII,RGLD,RH,RHT,SNPS,SRE,SSTK,STAG,SUI,TAL,TRGP,USM,VET,VMO,VNO,VRTX,WDC,WRE,WWE,WWW,XOXO,ZAYO,
,0.000333474,1.56294E-05,7.15123E-05,4.58665E-05,0.000159365,2.12702E-05,0.000107692,7.81991E-06,6.46937E-06,2.02743E-05,-1.10223E-07,1.98525E-05,6.37111E-05,5.2912E-05,0.000158297,2.33946E-05,4.26798E-05,4.39487E-05,7.91266E-05,6.30882E-05,7.50135E-05,9.88486E-05,8.62243E-06,1.91474E-05,9.8148E-05,4.40569E-07,5.35863E-05,0.000107467,6.90203E-06,7.76388E-05,2.78426E-05,0.000121903,3.8129E-05,7.83877E-05,5.24638E-05,7.08008E-05,4.99325E-05,0.000137679,6.10634E-05,4.43935E-06,2.68713E-06,2.22891E-05,9.83551E-05,2.20069E-05,5.54348E-06,2.48674E-05,0.000114378,7.60606E-05,8.00278E-05,4.52485E-05,4.74737E-05,-1.60875E-06,-2.19358E-06,7.6258E-05,8.58676E-05,5.80965E-05,3.20843E-05,9.17642E-05,0.000123576,8.64231E-05,1.06251E-05,0.000121052,2.23101E-05,1.10614E-05,8.82291E-05,4.98444E-05,2.62858E-05,4.92705E-05,7.37605E-06,2.19673E-05,0.000103525,0.000106392,1.86506E-05,7.69122E-05,6.5855E-05,8.76426E-05,2.60759E-05,
,1.56294E-05,0.000130704,9.79431E-06,2.11155E-05,4.69668E-05,7.61263E-06,2.83643E-05,-5.47694E-07,3.05272E-05,2.15712E-05,7.68939E-07,2.27886E-05,2.02372E-05,4.32141E-05,4.06628E-05,3.36424E-05,2.31245E-05,3.10784E-05,2.27827E-05,3.45807E-05,1.15714E-05,4.17375E-06,1.75508E-05,7.62452E-05,1.5303E-05,6.73599E-06,1.90629E-05,2.38902E-05,4.5063E-05,1.97027E-05,3.17521E-05,2.36259E-05,2.35913E-05,1.97389E-05,1.78305E-05,1.30966E-05,3.22225E-06,2.96863E-05,1.81455E-05,5.90158E-06,6.92551E-06,3.50171E-05,1.10235E-05,2.56442E-05,9.03782E-06,6.56562E-05,3.87567E-06,9.42173E-06,2.96565E-05,2.67338E-05,2.52625E-05,1.63262E-06,3.10486E-06,1.26168E-05,2.02261E-05,3.2128E-05,2.29609E-05,6.63876E-05,2.88007E-05,2.24852E-05,3.49574E-05,2.15921E-05,7.53919E-05,6.7795E-05,2.55646E-05,1.48843E-05,1.82689E-05,1.77228E-05,9.9133E-06,6.88065E-05,2.57114E-05,1.73542E-05,5.89294E-05,2.01164E-05,1.74756E-05,2.02316E-05,1.36208E-05,
,7.15123E-05,9.79431E-06,0.000489936,5.4752E-05,0.000105521,1.62453E-05,8.86946E-05,9.62876E-07,7.70248E-06,6.54438E-07,2.93919E-06,5.14103E-05,3.31941E-05,6.09392E-05,8.41322E-05,3.28842E-05,4.7219E-05,3.86898E-05,6.23381E-05,4.56665E-05,0.000102595,9.52992E-05,9.95954E-06,3.73335E-05,0.000104566,2.7828E-06,3.28165E-05,0.000112549,3.80565E-05,6.7179E-05,6.75655E-05,6.64584E-05,8.64642E-06,7.89716E-05,3.98513E-05,0.000105098,3.78126E-05,9.55445E-05,3.98362E-05,3.85859E-06,9.89619E-07,-7.34289E-06,6.47464E-05,1.59557E-05,7.39975E-06,3.81931E-05,0.000116363,4.82758E-05,7.91531E-05,3.39215E-05,4.54443E-05,-2.34085E-06,-1.96203E-06,6.30925E-05,5.28749E-05,8.20951E-05,2.67058E-05,-1.17405E-06,7.29483E-05,5.75177E-05,1.04753E-05,9.44321E-05,4.30477E-05,2.30665E-05,9.26659E-05,6.26042E-05,3.6785E-05,3.18539E-05,8.79293E-06,2.77033E-05,6.66392E-05,8.29234E-05,3.89512E-05,7.25497E-05,6.42221E-05,6.06691E-05,3.69396E-05,
,4.58665E-05,2.11155E-05,5.4752E-05,0.000315554,6.2641E-05,-1.902E-06,6.03579E-05,1.61284E-06,2.33698E-05,2.21493E-05,-3.998E-07,1.76099E-05,2.16817E-05,3.94615E-05,6.32151E-05,1.16016E-05,7.68453E-05,3.8995E-05,4.90864E-05,7.16325E-05,4.15552E-05,7.61055E-05,6.97476E-05,1.87738E-05,8.3724E-05,-1.4295E-06,5.58199E-05,5.63299E-05,1.52464E-05,4.02019E-05,6.07432E-05,3.75105E-05,3.57642E-05,6.68655E-05,3.36584E-05,0.000103755,3.63146E-05,6.34463E-05,6.08515E-05,1.1929E-06,1.46842E-06,2.87688E-05,6.01149E-05,7.658E-06,2.67754E-06,3.56144E-05,5.92564E-05,4.15457E-05,7.32552E-05,1.51464E-05,3.68223E-05,-5.89154E-07,-4.38632E-06,5.13454E-05,3.53756E-05,8.11256E-05,9.45404E-06,9.9155E-05,4.75665E-05,4.33395E-05,-6.84104E-06,6.56976E-05,3.91353E-05,1.4121E-05,1.12573E-05,3.54245E-05,4.5731E-05,3.57538E-05,-1.83836E-06,3.00957E-05,6.81039E-05,4.94011E-05,3.55199E-05,6.75398E-05,8.41475E-05,4.70172E-05,3.20314E-05,
,0.000159365,4.69668E-05,0.000105521,6.2641E-05,0.000484815,2.83729E-05,0.000167802,2.99225E-07,3.77478E-05,2.45546E-05,-1.49011E-06,2.82407E-05,4.68822E-05,5.87442E-05,0.00019438,4.47449E-05,7.45976E-05,5.04173E-05,9.22633E-05,9.08171E-05,7.12874E-05,9.53865E-05,-3.22976E-05,7.20567E-05,0.000117086,3.56547E-06,5.0517E-05,9.50316E-05,7.17213E-05,7.24102E-05,2.03757E-05,0.000140077,2.58203E-05,0.000121272,4.73771E-05,9.88476E-05,6.68491E-05,0.000161401,0.000116962,7.15112E-06,4.08911E-06,2.50856E-05,0.000118669,3.20064E-05,5.11675E-06,1.13083E-05,0.000119573,0.000139886,0.000109145,1.96253E-05,6.8693E-05,-2.18998E-06,2.08886E-06,6.31458E-05,9.3699E-05,9.58565E-05,3.86142E-05,0.000104663,0.000132712,9.84044E-05,2.93064E-05,0.000134517,4.28112E-05,2.25985E-05,0.000121649,1.54623E-05,1.56025E-05,5.66355E-05,5.68258E-06,2.03347E-05,0.00014177,0.000102516,3.43408E-05,9.09513E-05,6.48215E-05,9.62742E-05,6.19678E-05,
,2.12702E-05,7.61263E-06,1.62453E-05,-1.902E-06,2.83729E-05,0.000527035,1.15275E-05,-1.31117E-07,-5.35718E-05,4.71116E-06,1.32872E-06,1.25639E-05,2.15863E-05,2.16673E-05,5.07179E-05,1.34224E-05,8.44543E-05,9.77352E-06,1.14891E-05,4.9954E-05,3.66928E-05,-2.04445E-05,-1.90984E-05,7.00173E-06,1.52382E-05,-3.75184E-06,-9.2648E-06,3.0961E-05,3.07364E-06,-1.26707E-05,4.5118E-05,1.04794E-05,9.61462E-06,2.87626E-05,6.42384E-06,6.09677E-05,1.06385E-05,3.90696E-05,6.53098E-05,-5.83981E-06,1.01396E-05,3.59863E-05,1.19963E-05,2.7573E-06,6.17542E-06,1.21169E-05,3.85575E-05,-1.1234E-05,1.44702E-05,1.48503E-05,2.66838E-05,-6.62869E-06,5.62023E-06,2.39945E-05,2.79617E-06,-5.31401E-05,3.65223E-05,-1.50994E-05,3.13171E-06,-5.4735E-06,-3.90832E-06,-8.61844E-07,-7.06139E-06,-1.32866E-06,4.76442E-05,1.29391E-05,2.8315E-05,1.93638E-05,5.26989E-06,1.33405E-05,7.39139E-06,6.39215E-06,2.08909E-05,2.21982E-05,-1.60031E-05,1.63237E-05,4.80688E-05,
,0.000107692,2.83643E-05,8.86946E-05,6.03579E-05,0.000167802,1.15275E-05,0.00036259,8.38217E-07,3.53447E-05,7.98956E-06,-1.73439E-06,4.51524E-05,5.1656E-05,7.09685E-05,0.000179292,3.24154E-05,8.07424E-05,5.76466E-05,8.52629E-05,0.000103275,7.47013E-05,0.000103442,-1.06301E-05,6.59959E-05,0.000117293,5.36068E-06,5.49157E-05,0.000102809,6.38272E-05,9.41735E-05,1.68209E-05,0.000128131,3.88255E-05,8.71858E-05,7.25043E-05,8.5681E-05,2.41179E-05,0.000141983,7.77467E-05,3.74941E-06,-1.13576E-06,4.48835E-05,9.89965E-05,2.30123E-05,7.5348E-06,2.89876E-05,0.000159388,0.000108115,6.35659E-05,2.22432E-05,2.66681E-05,5.17348E-06,1.01122E-06,2.95509E-05,7.24876E-05,5.88878E-05,4.14913E-05,0.000133864,0.00012702,0.000100796,1.72453E-05,0.000121836,4.49718E-05,2.25162E-05,0.000138059,3.66598E-05,2.77784E-05,5.64952E-05,7.04179E-06,2.56371E-05,0.00011499,0.000120426,3.33291E-05,8.18855E-05,6.9263E-05,5.52452E-05,5.18149E-05,
,7.81991E-06,-5.47694E-07,9.62876E-07,1.61284E-06,2.99225E-07,-1.31117E-07,8.38217E-07,8.02511E-06,-2.97982E-06,1.29949E-06,1.69191E-07,-8.47001E-07,7.11777E-07,5.46598E-06,1.19425E-06,-1.59274E-06,-7.31982E-06,-2.14747E-06,4.04512E-06,9.44152E-07,-6.76041E-07,2.4275E-06,3.84184E-06,-5.68565E-07,7.06381E-07,1.13908E-06,2.13293E-06,-1.32952E-06,-1.94151E-06,4.79338E-06,3.06852E-06,1.42696E-07,5.25005E-07,-1.12323E-07,-1.1015E-08,3.18198E-07,-2.71714E-06,5.69717E-06,-1.0825E-05,1.4819E-06,1.37248E-06,2.24714E-06,2.96169E-06,-3.17038E-07,2.90062E-06,4.34103E-06,-4.4414E-07,1.40314E-07,1.48957E-06,-3.07387E-07,-2.51382E-06,1.1225E-06,1.16969E-06,-2.23619E-06,4.98043E-06,1.96698E-06,-1.67194E-06,-5.78193E-06,1.6376E-06,6.70249E-07,1.30604E-06,-8.1351E-07,-7.94548E-08,-6.31161E-07,3.35687E-07,-4.30825E-07,-2.67455E-06,9.95372E-08,1.06936E-06,1.88455E-06,-5.42341E-07,5.69615E-06,9.09461E-08,4.39132E-06,-1.54766E-07,4.98749E-07,-1.01879E-06,
,6.46937E-06,3.05272E-05,7.70248E-06,2.33698E-05,3.77478E-05,-5.35718E-05,3.53447E-05,-2.97982E-06,0.000328515,1.41763E-05,-1.80502E-06,2.15963E-05,2.71903E-05,3.64724E-05,-2.93326E-06,1.49017E-05,2.16487E-05,1.19575E-05,5.52278E-06,6.58843E-06,3.56775E-05,3.89727E-05,2.69651E-05,1.98961E-05,3.35154E-05,7.34393E-07,3.14619E-05,1.33353E-05,9.91646E-06,3.15384E-05,-5.41581E-06,3.93929E-05,2.0567E-05,2.90269E-05,4.86427E-05,8.84547E-06,-8.02524E-06,2.81125E-05,4.88605E-05,2.9357E-06,-4.76223E-06,1.89269E-05,1.42119E-05,1.81886E-05,2.80561E-07,3.19676E-05,1.53583E-05,4.49149E-05,4.53511E-05,1.08132E-05,7.17242E-06,3.26313E-07,1.71026E-06,1.29085E-05,1.67349E-05,5.56937E-05,-1.39255E-05,5.36296E-05,3.14902E-05,1.87744E-05,2.19416E-05,6.22738E-05,3.33307E-05,2.19442E-05,-4.59145E-06,7.60017E-06,3.33936E-05,2.25015E-05,5.53252E-07,2.38025E-05,1.03773E-05,8.83182E-06,2.24917E-05,1.27833E-05,4.1017E-05,1.60637E-05,2.13058E-05,
,2.02743E-05,2.15712E-05,6.54438E-07,2.21493E-05,2.45546E-05,4.71116E-06,7.98956E-06,1.29949E-06,1.41763E-05,0.00011312,-1.05445E-06,4.8424E-06,9.40445E-06,3.44952E-05,4.74546E-05,1.47461E-05,1.78364E-05,1.98738E-05,1.33985E-05,2.76973E-05,6.38613E-06,1.30128E-05,2.43003E-05,2.43958E-05,2.78374E-05,1.34655E-06,2.27062E-05,8.89045E-06,2.23272E-05,2.40914E-05,6.623E-06,1.88369E-05,2.5338E-05,1.70208E-05,-1.22158E-06,1.3226E-05,1.06126E-05,2.71344E-05,1.86674E-05,9.99276E-07,2.60829E-06,2.97987E-05,1.34337E-05,1.52039E-05,8.2489E-08,2.10705E-05,2.69278E-05,1.44194E-05,2.96327E-05,8.21755E-06,1.64099E-05,1.59076E-06,2.7272E-06,2.69619E-05,9.57967E-06,1.65712E-05,2.27277E-05,1.56085E-05,1.59327E-05,1.88628E-05,1.8852E-05,7.47705E-06,1.95184E-05,1.28364E-05,2.16539E-05,2.61054E-05,2.69391E-05,2.73654E-05,5.52877E-06,1.45804E-05,2.26617E-05,3.5355E-05,1.63136E-05,1.87074E-05,1.95525E-05,5.25429E-06,1.84811E-05,
,-1.10223E-07,7.68939E-07,2.93919E-06,-3.998E-07,-1.49011E-06,1.32872E-06,-1.73439E-06,1.69191E-07,-1.80502E-06,-1.05445E-06,6.49922E-06,1.56165E-06,-1.06491E-06,-7.38995E-07,9.58414E-07,1.17192E-06,-6.77785E-07,-1.27198E-06,-1.12225E-06,2.78049E-06,-1.6325E-06,-1.46291E-06,4.08449E-06,-1.89784E-07,6.41373E-06,3.16326E-07,3.17658E-06,-7.67553E-07,8.0979E-07,-4.49292E-06,-2.56235E-06,-3.13463E-07,2.59383E-06,-1.21912E-07,2.72474E-06,-5.2479E-06,-1.7333E-06,-1.98934E-06,4.65765E-06,1.43544E-06,-2.64178E-07,1.53007E-06,-4.32705E-07,-1.43915E-08,1.0845E-06,1.89541E-06,1.31867E-08,-4.9918E-06,-3.606E-06,1.12203E-06,8.91753E-07,6.2938E-07,1.23874E-06,2.73875E-06,-7.66942E-07,-4.89471E-07,-5.51066E-07,-1.04337E-05,-4.46037E-07,2.88608E-07,1.0895E-06,-4.65146E-06,1.16313E-06,8.29217E-07,6.09025E-06,3.8413E-06,-1.6613E-06,2.18258E-06,1.5698E-06,-4.11713E-07,-9.32712E-08,-2.02229E-06,-4.24371E-07,5.11231E-07,-7.03774E-07,-1.50881E-07,2.7075E-07,
,1.98525E-05,2.27886E-05,5.14103E-05,1.76099E-05,2.82407E-05,1.25639E-05,4.51524E-05,-8.47001E-07,2.15963E-05,4.8424E-06,1.56165E-06,0.00015408,1.28975E-06,2.75355E-05,2.30296E-05,1.74126E-05,-7.52876E-06,6.63255E-06,1.62297E-05,3.84492E-05,7.93178E-06,2.20903E-05,2.98361E-05,2.79961E-05,4.88926E-05,5.83911E-06,2.04714E-05,1.62583E-05,2.36227E-05,3.09439E-05,3.18652E-05,2.32784E-05,2.32128E-05,3.61339E-05,2.01613E-05,5.69721E-05,1.91434E-05,3.65183E-06,3.42378E-05,4.03695E-07,1.75797E-06,1.79249E-05,2.3128E-05,1.38672E-05,5.44662E-06,3.4186E-05,2.86308E-05,3.32895E-05,2.65625E-05,2.22753E-05,4.10903E-05,2.49261E-07,3.38368E-06,5.07357E-05,1.93749E-05,7.18328E-05,7.32369E-06,4.42773E-05,2.09975E-05,2.1193E-05,2.04099E-05,2.24662E-05,2.45145E-05,1.42282E-05,4.57324E-05,2.64868E-05,4.13382E-05,2.19874E-05,4.36039E-06,2.33417E-05,2.29797E-05,3.27175E-05,2.70471E-05,1.81414E-05,2.75619E-05,1.01825E-05,4.64259E-06,
,6.37111E-05,2.02372E-05,3.31941E-05,2.16817E-05,4.68822E-05,2.15863E-05,5.1656E-05,7.11777E-07,2.71903E-05,9.40445E-06,-1.06491E-06,1.28975E-06,0.000213202,2.74138E-05,1.61148E-05,9.02844E-06,2.56141E-05,1.08056E-05,2.60385E-05,4.26806E-05,2.65499E-05,3.10188E-05,-1.33858E-05,2.47722E-05,5.98247E-05,9.43958E-06,-5.12573E-06,4.21215E-05,8.09286E-08,2.1842E-05,-3.64345E-06,4.58293E-05,-1.49108E-06,2.04646E-05,3.84607E-05,3.12143E-05,4.097E-06,5.18416E-05,2.15208E-05,5.05812E-06,5.56954E-06,2.49916E-05,2.71141E-05,1.59262E-05,6.21596E-06,1.46067E-05,5.05762E-05,2.93679E-05,4.65732E-05,1.46064E-05,1.13553E-05,5.99593E-06,7.22173E-06,1.76629E-07,3.86993E-05,1.97322E-05,1.978E-05,6.90263E-05,3.72957E-05,3.15973E-05,9.24899E-06,3.56155E-05,1.80483E-05,1.34426E-05,5.89341E-05,5.34576E-06,1.43542E-05,2.19382E-05,5.21319E-06,1.97352E-05,7.12852E-05,2.30488E-05,1.81436E-05,-5.83366E-06,2.12427E-05,2.99792E-05,3.49163E-05,
,5.2912E-05,4.32141E-05,6.09392E-05,3.94615E-05,5.87442E-05,2.16673E-05,7.09685E-05,5.46598E-06,3.64724E-05,3.44952E-05,-7.38995E-07,2.75355E-05,2.74138E-05,0.00030486,2.95573E-05,2.18794E-05,3.82482E-05,6.89112E-05,4.88899E-05,6.03721E-05,4.19513E-05,4.91717E-05,5.95756E-05,4.74503E-05,7.62385E-05,-4.96099E-07,5.80988E-05,4.57467E-05,3.09824E-05,5.17557E-05,3.29327E-05,4.27961E-05,4.33281E-05,4.19451E-05,4.44052E-05,6.72029E-05,3.1734E-05,5.17193E-05,2.74214E-05,6.9844E-06,-1.40731E-06,6.22416E-05,3.81959E-05,2.25016E-05,4.39224E-06,4.22751E-05,5.37862E-05,4.02578E-05,5.42474E-05,2.2499E-05,5.52254E-05,-1.04665E-06,3.07737E-06,7.63975E-05,4.3729E-05,4.82498E-05,1.95452E-05,9.96712E-06,4.22149E-05,4.62009E-05,2.44786E-05,3.4653E-05,3.65141E-05,2.0465E-05,8.13722E-05,5.20798E-05,4.29521E-05,7.86158E-05,6.64056E-06,4.00228E-05,5.41974E-05,7.85961E-05,3.27748E-05,-1.09571E-05,4.15542E-05,1.04053E-05,3.72231E-05,
,0.000158297,4.06628E-05,8.41322E-05,6.32151E-05,0.00019438,5.07179E-05,0.000179292,1.19425E-06,-2.93326E-06,4.74546E-05,9.58414E-07,2.30296E-05,1.61148E-05,2.95573E-05,0.001873725,-4.70839E-06,7.4169E-05,7.94211E-05,0.000111564,0.000121415,0.000136741,0.000179356,1.56543E-05,1.11353E-05,0.000104787,5.48667E-06,7.20004E-05,0.000125482,1.33864E-05,0.000187559,2.98937E-05,0.000183782,4.93557E-05,0.000110711,4.61855E-05,0.00013824,4.65448E-05,0.000164468,0.000108283,7.50004E-06,1.8989E-05,2.91228E-05,0.000143468,1.73815E-05,1.18733E-06,4.24503E-05,0.000198599,0.000141904,0.000102254,2.49299E-05,1.6741E-05,1.03847E-05,-4.10234E-06,4.93147E-05,9.23873E-05,5.87222E-05,8.58629E-05,0.000323485,0.000171142,0.000121799,-1.20933E-05,0.00020188,3.54762E-05,1.20735E-05,0.000294499,4.92139E-05,2.89704E-06,0.000119506,2.09593E-05,2.22448E-05,9.01113E-05,0.00015525,2.23773E-05,0.000164288,4.9764E-05,6.94564E-05,4.83386E-05,
,2.33946E-05,3.36424E-05,3.28842E-05,1.16016E-05,4.47449E-05,1.34224E-05,3.24154E-05,-1.59274E-06,1.49017E-05,1.47461E-05,1.17192E-06,1.74126E-05,9.02844E-06,2.18794E-05,-4.70839E-06,0.000125038,2.22469E-06,6.03093E-06,2.02135E-05,3.34351E-05,1.63038E-05,3.26551E-06,3.70032E-06,6.63322E-05,1.91677E-05,6.69147E-06,1.92037E-05,1.33264E-05,5.59828E-05,1.6136E-05,-6.26515E-06,2.29155E-05,1.38906E-05,7.36673E-06,1.24271E-05,8.01414E-06,1.35125E-05,2.43364E-05,-3.41791E-06,5.8731E-06,1.67759E-06,1.70996E-05,2.44165E-05,2.24603E-05,5.32275E-06,2.91246E-05,1.82601E-05,3.22895E-05,1.69632E-05,2.00334E-05,7.99033E-06,8.44686E-07,7.40205E-07,7.19E-06,1.77348E-05,4.83776E-05,2.04876E-05,1.03118E-05,2.07044E-05,2.86175E-05,4.09289E-05,3.80288E-05,4.28432E-05,3.21871E-05,2.88712E-05,1.01794E-05,1.2E-05,2.1344E-05,7.11061E-06,2.8562E-05,2.87805E-05,2.863E-05,3.07865E-05,4.31195E-06,2.29436E-05,1.20922E-05,2.34836E-05,
,4.26798E-05,2.31245E-05,4.7219E-05,7.68453E-05,7.45976E-05,8.44543E-05,8.07424E-05,-7.31982E-06,2.16487E-05,1.78364E-05,-6.77785E-07,-7.52876E-06,2.56141E-05,3.82482E-05,7.4169E-05,2.22469E-06,0.000661875,1.19167E-05,4.3407E-05,1.42127E-05,2.22267E-05,6.6815E-05,5.86462E-05,2.64678E-05,0.00011144,-2.82631E-06,4.57155E-05,7.51167E-05,1.01021E-05,3.13707E-05,3.74568E-05,3.19658E-05,5.5487E-05,8.91222E-05,5.97257E-05,0.000135435,7.05803E-05,6.91726E-05,9.69052E-05,-4.72067E-06,3.52721E-06,1.4676E-05,7.97645E-05,8.33255E-07,3.96229E-06,1.16007E-05,6.30591E-05,5.74551E-05,5.99523E-05,2.07895E-05,7.5736E-05,-4.92596E-06,8.53189E-07,5.74747E-05,2.13055E-05,1.06694E-05,2.21972E-05,5.80134E-05,4.16544E-05,3.26394E-05,-2.76799E-05,7.12787E-05,2.12465E-05,1.88364E-05,7.52056E-06,4.15555E-05,6.00573E-05,4.75836E-05,-5.15069E-06,2.72865E-05,2.62512E-05,6.12936E-05,2.96211E-05,4.93849E-05,4.50614E-05,6.98505E-05,2.51557E-05,
,4.39487E-05,3.10784E-05,3.86898E-05,3.8995E-05,5.04173E-05,9.77352E-06,5.76466E-05,-2.14747E-06,1.19575E-05,1.98738E-05,-1.27198E-06,6.63255E-06,1.08056E-05,6.89112E-05,7.94211E-05,6.03093E-06,1.19167E-05,0.000336575,4.58976E-05,9.05431E-05,5.8051E-05,3.9341E-05,6.49423E-05,1.73838E-05,4.46065E-05,-4.25773E-06,9.44351E-05,5.36668E-05,3.34722E-05,3.5116E-05,5.69873E-05,4.71956E-05,8.65389E-05,2.37957E-05,6.98304E-05,0.000118898,7.41877E-05,4.85192E-05,6.92034E-05,-1.58117E-06,-2.54617E-06,1.02837E-05,3.78889E-05,1.16425E-05,2.53615E-06,5.33473E-05,3.39742E-05,3.44723E-05,1.05126E-05,4.88823E-06,2.48756E-05,-5.58524E-06,-4.51712E-06,0.000137873,1.97143E-05,3.60644E-05,2.25681E-05,0.000109138,5.36472E-05,2.55361E-05,1.59375E-06,7.91225E-05,4.81018E-05,1.68235E-05,4.49697E-05,0.000114452,4.85647E-05,0.000107781,1.21328E-06,4.46095E-05,7.31005E-05,3.29329E-05,3.17356E-05,6.77596E-05,6.52851E-05,-2.35055E-06,2.47711E-06,
,7.91266E-05,2.27827E-05,6.23381E-05,4.90864E-05,9.22633E-05,1.14891E-05,8.52629E-05,4.04512E-06,5.52278E-06,1.33985E-05,-1.12225E-06,1.62297E-05,2.60385E-05,4.88899E-05,0.000111564,2.02135E-05,4.3407E-05,4.58976E-05,0.000162371,5.33593E-05,6.12791E-05,7.32299E-05,1.11154E-05,4.45008E-05,5.73024E-05,4.51484E-06,3.77789E-05,5.83976E-05,2.95385E-05,7.97877E-05,6.86354E-05,7.38649E-05,1.59904E-05,5.93048E-05,1.543E-05,0.000104896,3.41204E-05,9.76036E-05,3.58641E-05,5.4502E-06,-1.49685E-06,3.28446E-05,6.25933E-05,1.84037E-05,5.98462E-06,1.30347E-05,8.99723E-05,7.34199E-05,6.14837E-05,2.28664E-05,5.53531E-05,-5.44694E-06,-5.28698E-06,4.57533E-05,5.07987E-05,5.95339E-05,2.70962E-05,5.72525E-05,9.68103E-05,6.61749E-05,5.16218E-06,6.03808E-05,3.0453E-05,1.73145E-05,8.2964E-05,3.98331E-05,2.75714E-05,3.37004E-05,2.82707E-06,2.34003E-05,7.20797E-05,8.07206E-05,2.36516E-05,4.25647E-05,4.70036E-05,5.04059E-05,2.45436E-05,
,6.30882E-05,3.45807E-05,4.56665E-05,7.16325E-05,9.08171E-05,4.9954E-05,0.000103275,9.44152E-07,6.58843E-06,2.76973E-05,2.78049E-06,3.84492E-05,4.26806E-05,6.03721E-05,0.000121415,3.34351E-05,1.42127E-05,9.05431E-05,5.33593E-05,0.000799584,4.88904E-05,7.87716E-05,3.53049E-05,5.52752E-05,0.000131236,-3.00528E-06,6.44343E-05,6.83553E-05,6.02952E-05,7.7378E-05,0.000106487,0.000108643,4.18564E-05,5.02402E-05,0.000115805,0.00015239,7.74592E-05,9.43806E-05,8.04369E-05,-3.84308E-07,4.45184E-06,4.3011E-05,6.38119E-05,1.84714E-05,1.66021E-05,6.78341E-05,8.46616E-05,9.25556E-05,5.91748E-05,1.85762E-05,7.54059E-05,-4.27175E-06,9.7102E-07,0.000112839,5.74059E-05,0.000114537,-2.74731E-05,0.000135222,8.29494E-05,5.23662E-05,2.26228E-05,7.21728E-05,4.06379E-05,2.01216E-05,8.83322E-05,7.86466E-05,3.51417E-05,7.17585E-05,9.67885E-06,5.08128E-05,0.00011005,8.55651E-05,4.14668E-05,7.10752E-05,6.95207E-05,2.73311E-05,5.00602E-05,
,7.50135E-05,1.15714E-05,0.000102595,4.15552E-05,7.12874E-05,3.66928E-05,7.47013E-05,-6.76041E-07,3.56775E-05,6.38613E-06,-1.6325E-06,7.93178E-06,2.65499E-05,4.19513E-05,0.000136741,1.63038E-05,2.22267E-05,5.8051E-05,6.12791E-05,4.88904E-05,0.000356432,9.35566E-05,2.57095E-06,3.63737E-05,5.34246E-05,-7.10212E-06,1.51362E-05,8.7302E-05,2.89313E-05,9.78128E-05,2.59976E-05,8.53143E-05,2.11791E-06,6.27528E-05,1.93153E-05,9.10639E-05,7.83505E-05,8.51272E-05,3.60052E-05,-1.79642E-06,-8.43363E-06,1.31633E-05,5.52527E-05,1.41045E-05,2.29401E-06,3.26355E-05,0.000109137,6.84237E-05,4.03275E-05,2.87277E-05,3.73362E-05,-6.8581E-06,-3.7413E-06,2.74667E-05,3.96696E-05,7.19709E-06,1.42851E-05,9.81306E-05,9.06562E-05,6.28296E-05,-2.67726E-06,0.000122007,2.69464E-05,3.87967E-06,5.73013E-05,2.71675E-05,2.46919E-05,1.95538E-05,3.24947E-07,2.45939E-05,8.25986E-05,6.96916E-05,2.99677E-05,4.59025E-05,3.81399E-05,4.77245E-05,3.03861E-05,
,9.88486E-05,4.17375E-06,9.52992E-05,7.61055E-05,9.53865E-05,-2.04445E-05,0.000103442,2.4275E-06,3.89727E-05,1.30128E-05,-1.46291E-06,2.20903E-05,3.10188E-05,4.91717E-05,0.000179356,3.26551E-06,6.6815E-05,3.9341E-05,7.32299E-05,7.87716E-05,9.35566E-05,0.000352396,3.97969E-05,2.93121E-05,6.64824E-05,-4.77463E-06,4.96867E-05,8.97343E-05,3.00161E-05,0.000111974,6.47613E-05,0.000114491,2.5413E-05,5.49931E-05,-1.10552E-05,0.000174672,4.98834E-05,8.58004E-05,2.41051E-05,-3.10513E-06,-6.67552E-07,1.0178E-05,9.85513E-05,7.41676E-07,-5.11354E-06,9.6421E-06,0.000112515,0.000105893,5.54671E-05,1.60557E-05,4.54588E-05,3.10171E-08,-3.27679E-06,3.41501E-05,5.26933E-05,1.73103E-05,2.65289E-05,6.27283E-05,8.60301E-05,8.38639E-05,-1.60699E-05,0.00013241,3.85127E-05,1.36485E-05,7.3604E-05,3.72697E-05,6.11181E-05,4.5002E-05,1.86884E-06,2.70193E-05,9.66253E-05,0.000133068,3.31024E-05,7.17006E-05,7.47781E-05,7.65537E-05,1.01449E-05,
,8.62243E-06,1.75508E-05,9.95954E-06,6.97476E-05,-3.22976E-05,-1.90984E-05,-1.06301E-05,3.84184E-06,2.69651E-05,2.43003E-05,4.08449E-06,2.98361E-05,-1.33858E-05,5.95756E-05,1.56543E-05,3.70032E-06,5.86462E-05,6.49423E-05,1.11154E-05,3.53049E-05,2.57095E-06,3.97969E-05,0.000365903,3.87865E-06,3.68623E-05,-8.26259E-07,0.00011641,3.25855E-05,-8.26784E-06,3.46923E-05,7.14803E-05,1.01103E-05,0.000106548,5.61194E-05,4.67354E-05,8.88991E-05,6.15481E-05,-2.69769E-05,1.50539E-05,1.15041E-08,1.19552E-05,1.48494E-05,2.10738E-05,1.32551E-05,3.64376E-07,5.59704E-05,2.33782E-05,2.24416E-05,2.75769E-05,9.35254E-06,7.46883E-06,-2.36237E-06,5.91357E-06,9.56978E-05,-5.7492E-06,8.22643E-05,2.45925E-05,6.38116E-05,2.38288E-05,1.13369E-05,-1.05361E-06,3.98107E-05,3.70128E-05,1.17047E-05,2.26722E-05,0.000117767,7.29196E-05,9.41337E-05,7.25854E-06,2.27897E-05,2.29682E-05,2.42231E-05,2.51198E-05,2.73418E-05,1.44146E-05,1.15462E-05,2.32439E-06,
,1.91474E-05,7.62452E-05,3.73335E-05,1.87738E-05,7.20567E-05,7.00173E-06,6.59959E-05,-5.68565E-07,1.98961E-05,2.43958E-05,-1.89784E-07,2.79961E-05,2.47722E-05,4.74503E-05,1.11353E-05,6.63322E-05,2.64678E-05,1.73838E-05,4.45008E-05,5.52752E-05,3.63737E-05,2.93121E-05,3.87865E-06,0.000185108,2.54329E-05,1.15859E-05,3.45325E-05,2.37768E-05,0.000115006,3.39092E-05,4.39686E-06,4.30618E-05,2.61314E-05,2.49723E-05,2.15323E-05,2.0319E-05,-8.74873E-06,3.08734E-05,2.44767E-05,7.70896E-06,4.26291E-06,3.04751E-05,3.04597E-05,2.92749E-05,1.53243E-05,5.05509E-05,4.82132E-05,4.97088E-05,3.94067E-05,2.11767E-05,2.55163E-05,2.22183E-06,1.75684E-06,3.44783E-06,2.79715E-05,4.28273E-05,4.75432E-05,4.73708E-05,4.96252E-05,4.2688E-05,4.37436E-05,4.08458E-05,7.54864E-05,5.98861E-05,8.27559E-05,2.10937E-05,1.81084E-05,1.53409E-05,1.37627E-05,5.58062E-05,4.82785E-05,5.97843E-05,6.20779E-05,-1.89556E-06,1.50254E-05,3.03393E-05,2.33298E-05,
,9.8148E-05,1.5303E-05,0.000104566,8.3724E-05,0.000117086,1.52382E-05,0.000117293,7.06381E-07,3.35154E-05,2.78374E-05,6.41373E-06,4.88926E-05,5.98247E-05,7.62385E-05,0.000104787,1.91677E-05,0.00011144,4.46065E-05,5.73024E-05,0.000131236,5.34246E-05,6.64824E-05,3.68623E-05,2.54329E-05,0.000907425,-9.77351E-06,5.82676E-05,7.5812E-05,1.72961E-05,5.36363E-05,3.74449E-05,3.62424E-05,6.87677E-05,8.26947E-05,0.000133617,7.70578E-05,6.18208E-05,0.000150149,4.23825E-05,-8.34844E-06,8.89448E-07,5.29462E-05,6.06534E-05,2.89091E-05,-6.43109E-06,5.39276E-07,7.65833E-05,6.8089E-05,9.5849E-06,5.95728E-05,5.14177E-05,-9.18946E-07,2.81896E-06,0.000127113,7.5315E-05,0.000103077,3.11743E-05,-8.17215E-06,5.60088E-05,4.38016E-05,2.83515E-05,6.05367E-05,2.62097E-05,6.22117E-06,2.85098E-05,6.99858E-05,2.80828E-06,8.63924E-05,-6.36254E-06,2.49495E-05,9.39356E-05,7.23651E-05,2.39736E-05,5.68487E-05,0.000116124,3.2575E-05,5.36088E-05,
,4.40569E-07,6.73599E-06,2.7828E-06,-1.4295E-06,3.56547E-06,-3.75184E-06,5.36068E-06,1.13908E-06,7.34393E-07,1.34655E-06,3.16326E-07,5.83911E-06,9.43958E-06,-4.96099E-07,5.48667E-06,6.69147E-06,-2.82631E-06,-4.25773E-06,4.51484E-06,-3.00528E-06,-7.10212E-06,-4.77463E-06,-8.26259E-07,1.15859E-05,-9.77351E-06,2.25183E-05,1.05118E-06,-2.94714E-06,9.90412E-06,3.85416E-06,-2.93969E-06,2.69475E-07,3.84482E-06,7.36031E-07,-3.0338E-06,-5.07068E-06,-4.53896E-06,-2.96704E-06,-3.15529E-06,7.00918E-06,2.73399E-06,3.06415E-06,1.50201E-06,5.69495E-06,8.81586E-06,1.05352E-06,-5.72872E-06,-5.8394E-07,3.02553E-06,-2.27109E-07,4.42755E-07,5.95207E-06,6.32885E-06,-1.3544E-05,1.35596E-06,1.38674E-05,8.84712E-06,1.52298E-05,2.82207E-06,8.47757E-06,2.42148E-06,-6.45511E-06,3.93615E-06,6.48651E-06,7.69433E-06,-2.89991E-06,-1.04692E-05,-4.93724E-06,8.08426E-06,1.06785E-06,1.08544E-05,7.02881E-06,8.13738E-07,-7.68008E-06,-2.30988E-06,4.9876E-06,-1.2848E-07,
,5.35863E-05,1.90629E-05,3.28165E-05,5.58199E-05,5.0517E-05,-9.2648E-06,5.49157E-05,2.13293E-06,3.14619E-05,2.27062E-05,3.17658E-06,2.04714E-05,-5.12573E-06,5.80988E-05,7.20004E-05,1.92037E-05,4.57155E-05,9.44351E-05,3.77789E-05,6.44343E-05,1.51362E-05,4.96867E-05,0.00011641,3.45325E-05,5.82676E-05,1.05118E-06,0.000329091,4.97594E-05,2.76824E-06,5.05542E-05,5.21696E-05,5.98798E-05,0.000190587,6.31621E-05,5.27752E-05,7.28844E-05,2.96073E-05,4.87864E-05,5.14808E-05,2.01779E-06,2.30859E-06,1.08908E-05,6.43737E-05,1.44744E-05,1.29569E-05,4.55282E-05,3.88825E-05,5.56891E-05,2.79989E-05,1.58238E-05,2.43269E-05,-6.16073E-07,-1.13556E-06,0.000212043,3.59732E-05,7.20568E-05,1.99318E-05,0.000104037,3.83826E-05,3.83608E-05,8.0989E-06,3.64234E-05,3.90298E-05,6.56196E-06,6.66378E-05,0.000200923,4.08783E-05,0.000132152,6.42568E-06,2.32805E-05,3.80744E-05,5.52251E-05,1.95618E-05,4.77671E-05,3.69407E-05,1.61182E-05,2.06425E-05,
,0.000107467,2.38902E-05,0.000112549,5.63299E-05,9.50316E-05,3.0961E-05,0.000102809,-1.32952E-06,1.33353E-05,8.89045E-06,-7.67553E-07,1.62583E-05,4.21215E-05,4.57467E-05,0.000125482,1.33264E-05,7.51167E-05,5.36668E-05,5.83976E-05,6.83553E-05,8.7302E-05,8.97343E-05,3.25855E-05,2.37768E-05,7.5812E-05,-2.94714E-06,4.97594E-05,0.000328031,2.87584E-05,8.11259E-05,6.74128E-05,0.000113024,3.12979E-05,6.77869E-05,2.15389E-05,0.000102164,2.11752E-05,0.000110325,4.701E-05,-4.05719E-06,1.09731E-06,8.22495E-06,6.98521E-05,1.6464E-05,-2.69976E-06,3.81402E-05,0.000115297,5.33612E-05,7.73619E-05,3.0212E-05,3.30843E-05,-3.5843E-07,-3.37078E-06,6.76106E-05,6.30654E-05,4.52096E-05,1.86563E-05,8.24714E-05,9.46215E-05,6.94721E-05,-6.71822E-06,0.000118042,3.82304E-05,1.38367E-05,0.000134861,5.49253E-05,4.55712E-05,4.65689E-05,-2.3143E-07,2.56202E-05,8.61648E-05,7.13425E-05,3.17987E-05,5.2512E-05,2.44162E-05,7.25098E-05,4.80185E-05,
,6.90203E-06,4.5063E-05,3.80565E-05,1.52464E-05,7.17213E-05,3.07364E-06,6.38272E-05,-1.94151E-06,9.91646E-06,2.23272E-05,8.0979E-07,2.36227E-05,8.09286E-08,3.09824E-05,1.33864E-05,5.59828E-05,1.01021E-05,3.34722E-05,2.95385E-05,6.02952E-05,2.89313E-05,3.00161E-05,-8.26784E-06,0.000115006,1.72961E-05,9.90412E-06,2.76824E-06,2.87584E-05,0.000167876,2.94289E-05,-7.51638E-06,3.7821E-05,1.6284E-05,2.20846E-05,1.7696E-05,1.39768E-05,2.25143E-07,3.7959E-05,1.11966E-06,6.21873E-06,8.4247E-07,2.312E-05,2.63471E-05,1.88676E-05,9.60252E-06,2.82391E-05,3.1763E-05,3.26882E-05,2.96787E-05,1.88965E-05,1.1931E-05,1.84881E-06,3.27713E-06,-6.77116E-06,1.69469E-05,2.54339E-05,3.42458E-05,5.0135E-05,3.30077E-05,3.75724E-05,3.52087E-05,3.09043E-05,5.48119E-05,3.77037E-05,4.86496E-05,1.45597E-05,1.38538E-05,1.48357E-05,1.13133E-05,3.28881E-05,5.35792E-05,4.67086E-05,3.90005E-05,3.4021E-06,1.34621E-05,1.14707E-05,1.83195E-05,
,7.76388E-05,1.97027E-05,6.7179E-05,4.02019E-05,7.24102E-05,-1.26707E-05,9.41735E-05,4.79338E-06,3.15384E-05,2.40914E-05,-4.49292E-06,3.09439E-05,2.1842E-05,5.17557E-05,0.000187559,1.6136E-05,3.13707E-05,3.5116E-05,7.97877E-05,7.7378E-05,9.78128E-05,0.000111974,3.46923E-05,3.39092E-05,5.36363E-05,3.85416E-06,5.05542E-05,8.11259E-05,2.94289E-05,0.000254529,7.2796E-05,0.000100942,1.30091E-05,7.41258E-05,-1.95929E-05,0.000102166,3.98607E-05,8.58063E-05,3.08567E-05,4.69899E-06,-1.16851E-06,1.8988E-05,7.73299E-05,1.03146E-05,1.19332E-05,2.59085E-05,0.000115917,9.66135E-05,5.53068E-05,1.20279E-05,3.72352E-05,-1.89417E-06,2.64965E-06,4.09868E-05,6.1206E-05,6.86469E-05,1.84336E-05,0.000108689,0.00012199,7.14157E-05,6.34568E-06,0.000110788,3.9968E-05,1.49561E-05,8.91758E-05,3.78402E-05,2.14122E-05,2.70686E-05,5.61937E-06,2.25215E-05,0.000105861,0.000104063,2.92997E-05,5.79502E-05,1.99333E-05,6.03099E-05,3.16007E-05,
,2.78426E-05,3.17521E-05,6.75655E-05,6.07432E-05,2.03757E-05,4.5118E-05,1.68209E-05,3.06852E-06,-5.41581E-06,6.623E-06,-2.56235E-06,3.18652E-05,-3.64345E-06,3.29327E-05,2.98937E-05,-6.26515E-06,3.74568E-05,5.69873E-05,6.86354E-05,0.000106487,2.59976E-05,6.47613E-05,7.14803E-05,4.39686E-06,3.74449E-05,-2.93969E-06,5.21696E-05,6.74128E-05,-7.51638E-06,7.2796E-05,0.000506528,5.52729E-05,3.25419E-05,7.40842E-05,8.15854E-06,0.000157636,8.3233E-05,5.00433E-05,7.35037E-05,-9.89091E-07,-1.80315E-06,2.81694E-05,4.12571E-05,2.05114E-05,5.13464E-06,6.38171E-05,8.9271E-05,4.2017E-05,5.84605E-05,3.99082E-05,0.00011094,-3.52865E-06,-1.99389E-06,0.000120726,1.8874E-05,0.000135634,3.78232E-06,9.85059E-05,3.05512E-05,3.27672E-05,7.46674E-06,7.04421E-05,5.71455E-05,1.63957E-05,5.85093E-06,7.98336E-05,4.72786E-05,6.34935E-05,-1.08193E-06,3.70119E-05,4.48732E-05,4.82617E-05,4.24551E-05,8.65062E-05,5.57095E-05,4.85346E-05,3.62677E-05,
,0.000121903,2.36259E-05,6.64584E-05,3.75105E-05,0.000140077,1.04794E-05,0.000128131,1.42696E-07,3.93929E-05,1.88369E-05,-3.13463E-07,2.32784E-05,4.58293E-05,4.27961E-05,0.000183782,2.29155E-05,3.19658E-05,4.71956E-05,7.38649E-05,0.000108643,8.53143E-05,0.000114491,1.01103E-05,4.30618E-05,3.62424E-05,2.69475E-07,5.98798E-05,0.000113024,3.7821E-05,0.000100942,5.52729E-05,0.000245849,3.96121E-05,6.7561E-05,4.40064E-05,0.000112103,4.5606E-05,0.000103663,4.18056E-05,3.96765E-06,8.11398E-07,2.03612E-05,8.92483E-05,1.91431E-05,4.23567E-06,2.17082E-05,0.000121877,9.62853E-05,7.19261E-05,1.80832E-05,5.89123E-05,1.69894E-06,1.86136E-06,5.48592E-05,5.79414E-05,3.06769E-05,1.78796E-05,0.00010175,0.000108599,7.57892E-05,2.87935E-06,0.000136122,3.95065E-05,2.40073E-05,0.000143015,4.68093E-05,7.42367E-05,4.45585E-05,4.4019E-06,1.85939E-05,0.000143573,0.000103195,2.553E-05,6.48773E-05,5.16562E-05,9.18634E-05,5.49723E-05,
,3.8129E-05,2.35913E-05,8.64642E-06,3.57642E-05,2.58203E-05,9.61462E-06,3.88255E-05,5.25005E-07,2.0567E-05,2.5338E-05,2.59383E-06,2.32128E-05,-1.49108E-06,4.33281E-05,4.93557E-05,1.38906E-05,5.5487E-05,8.65389E-05,1.59904E-05,4.18564E-05,2.11791E-06,2.5413E-05,0.000106548,2.61314E-05,6.87677E-05,3.84482E-06,0.000190587,3.12979E-05,1.6284E-05,1.30091E-05,3.25419E-05,3.96121E-05,0.000315755,5.76311E-05,7.15964E-05,7.30833E-05,3.25719E-05,1.68702E-05,5.64743E-05,1.68026E-06,3.83063E-06,1.64295E-05,4.54796E-05,1.57727E-05,6.86697E-07,5.2833E-05,2.56929E-05,3.005E-05,1.75732E-05,3.36835E-05,2.08149E-05,1.70804E-06,3.38446E-06,0.000203562,2.57571E-05,8.10285E-05,1.79376E-05,5.56891E-05,1.26627E-05,1.79211E-05,1.48264E-05,3.48343E-05,3.71272E-05,1.70167E-05,-1.0746E-06,0.000191945,4.59805E-05,0.000119905,6.57286E-06,3.28991E-05,3.7785E-05,5.62934E-05,2.5832E-05,5.37935E-05,3.60149E-05,8.59282E-06,2.99984E-05,
,7.83877E-05,1.97389E-05,7.89716E-05,6.68655E-05,0.000121272,2.87626E-05,8.71858E-05,-1.12323E-07,2.90269E-05,1.70208E-05,-1.21912E-07,3.61339E-05,2.04646E-05,4.19451E-05,0.000110711,7.36673E-06,8.91222E-05,2.37957E-05,5.93048E-05,5.02402E-05,6.27528E-05,5.49931E-05,5.61194E-05,2.49723E-05,8.26947E-05,7.36031E-07,6.31621E-05,6.77869E-05,2.20846E-05,7.41258E-05,7.40842E-05,6.7561E-05,5.76311E-05,0.000268671,3.44218E-05,8.96158E-05,6.86259E-05,9.70175E-05,5.68383E-05,2.56187E-06,-2.12274E-06,1.80156E-05,7.51201E-05,8.01684E-06,7.30911E-06,4.6496E-05,6.84446E-05,7.37137E-05,6.76187E-05,2.09917E-05,3.9398E-05,-2.90497E-06,3.67083E-06,6.76153E-05,2.70754E-05,5.45226E-05,3.12776E-06,3.8562E-05,6.5025E-05,4.10996E-05,-9.12677E-06,9.58335E-05,2.50731E-05,1.14117E-05,6.8131E-05,4.9713E-05,4.14243E-05,5.06971E-05,4.88655E-06,2.11631E-05,7.37314E-05,5.04315E-05,2.36315E-05,5.77231E-05,5.9911E-05,4.53938E-05,2.73722E-05,
,5.24638E-05,1.78305E-05,3.98513E-05,3.36584E-05,4.73771E-05,6.42384E-06,7.25043E-05,-1.1015E-08,4.86427E-05,-1.22158E-06,2.72474E-06,2.01613E-05,3.84607E-05,4.44052E-05,4.61855E-05,1.24271E-05,5.97257E-05,6.98304E-05,1.543E-05,0.000115805,1.93153E-05,-1.10552E-05,4.67354E-05,2.15323E-05,0.000133617,-3.0338E-06,5.27752E-05,2.15389E-05,1.7696E-05,-1.95929E-05,8.15854E-06,4.40064E-05,7.15964E-05,3.44218E-05,0.000389151,3.3652E-05,5.4077E-05,3.86892E-05,6.98698E-05,-3.99378E-06,-5.58209E-06,2.89495E-05,3.54658E-05,2.27167E-05,2.19086E-06,4.36216E-05,5.63533E-05,5.3634E-05,1.53465E-05,2.3736E-05,8.66758E-06,-5.09966E-06,2.21591E-06,8.6387E-05,2.01338E-05,0.000131499,1.11825E-06,0.000110497,5.08412E-05,1.6107E-05,6.79239E-06,4.99374E-05,9.68026E-06,8.8165E-06,1.78827E-05,4.71813E-05,3.75826E-05,5.64396E-05,-1.96749E-06,2.6629E-05,4.51797E-05,1.95362E-05,1.6114E-05,4.72484E-05,0.000155952,2.26017E-05,4.47656E-05,
,7.08008E-05,1.30966E-05,0.000105098,0.000103755,9.88476E-05,6.09677E-05,8.5681E-05,3.18198E-07,8.84547E-06,1.3226E-05,-5.2479E-06,5.69721E-05,3.12143E-05,6.72029E-05,0.00013824,8.01414E-06,0.000135435,0.000118898,0.000104896,0.00015239,9.10639E-05,0.000174672,8.88991E-05,2.0319E-05,7.70578E-05,-5.07068E-06,7.28844E-05,0.000102164,1.39768E-05,0.000102166,0.000157636,0.000112103,7.30833E-05,8.96158E-05,3.3652E-05,0.000762669,0.000118455,6.66826E-05,0.000107904,-2.13573E-06,1.63049E-05,4.97987E-05,0.00011101,8.82128E-06,4.14286E-06,1.50159E-05,0.000134879,0.0001356,0.000124009,3.50539E-05,9.47318E-05,-1.24949E-05,-8.82382E-06,0.000255092,6.40808E-05,8.09475E-05,1.00095E-05,0.0001522,5.679E-05,4.59366E-05,-1.13187E-05,9.06753E-05,6.56609E-05,1.34903E-05,0.000107568,0.000121492,0.000135566,0.000117151,-1.52148E-06,4.19715E-05,8.40754E-05,0.000124519,3.76222E-05,0.000106661,0.000107276,0.000122483,3.94336E-05,
,4.99325E-05,3.22225E-06,3.78126E-05,3.63146E-05,6.68491E-05,1.06385E-05,2.41179E-05,-2.71714E-06,-8.02524E-06,1.06126E-05,-1.7333E-06,1.91434E-05,4.097E-06,3.1734E-05,4.65448E-05,1.35125E-05,7.05803E-05,7.41877E-05,3.41204E-05,7.74592E-05,7.83505E-05,4.98834E-05,6.15481E-05,-8.74873E-06,6.18208E-05,-4.53896E-06,2.96073E-05,2.11752E-05,2.25143E-07,3.98607E-05,8.3233E-05,4.5606E-05,3.25719E-05,6.86259E-05,5.4077E-05,0.000118455,0.000491807,1.87093E-05,6.46239E-05,-1.21146E-07,-3.98177E-06,3.44064E-05,5.29074E-05,4.92578E-06,-1.24601E-07,1.19445E-05,1.82419E-05,6.26064E-05,-2.10445E-06,1.63331E-05,4.05508E-05,-8.61661E-06,-2.09883E-06,0.000102933,1.98426E-05,5.4781E-05,-2.43166E-05,3.07835E-07,4.63261E-05,1.88024E-05,5.86312E-06,0.000100748,1.70651E-05,8.48486E-06,-2.11165E-05,6.5539E-05,4.45966E-05,6.96142E-05,-9.98804E-07,1.64023E-05,2.42773E-05,4.89294E-05,2.07431E-05,0.000102195,6.15838E-05,4.93529E-05,6.00261E-05,
,0.000137679,2.96863E-05,9.55445E-05,6.34463E-05,0.000161401,3.90696E-05,0.000141983,5.69717E-06,2.81125E-05,2.71344E-05,-1.98934E-06,3.65183E-06,5.18416E-05,5.17193E-05,0.000164468,2.43364E-05,6.91726E-05,4.85192E-05,9.76036E-05,9.43806E-05,8.51272E-05,8.58004E-05,-2.69769E-05,3.08734E-05,0.000150149,-2.96704E-06,4.87864E-05,0.000110325,3.7959E-05,8.58063E-05,5.00433E-05,0.000103663,1.68702E-05,9.70175E-05,3.86892E-05,6.66826E-05,1.87093E-05,0.000509545,5.75564E-05,1.55477E-06,2.97568E-07,1.57531E-05,8.25407E-05,1.11086E-05,5.26238E-06,1.55811E-05,0.000124937,0.000117242,8.39785E-05,3.1846E-05,2.08751E-05,3.40687E-06,3.25604E-06,4.4358E-05,9.03368E-05,2.21727E-05,2.70372E-05,6.66009E-05,9.95743E-05,7.11908E-05,1.11281E-06,0.000107255,3.75207E-05,1.31947E-05,6.79206E-05,2.65308E-05,-9.84418E-05,3.35995E-05,3.81947E-06,3.42109E-05,7.99747E-05,0.00011004,3.00127E-05,3.20907E-05,8.02164E-05,3.13876E-05,2.85276E-05,
,6.10634E-05,1.81455E-05,3.98362E-05,6.08515E-05,0.000116962,6.53098E-05,7.77467E-05,-1.0825E-05,4.88605E-05,1.86674E-05,4.65765E-06,3.42378E-05,2.15208E-05,2.74214E-05,0.000108283,-3.41791E-06,9.69052E-05,6.92034E-05,3.58641E-05,8.04369E-05,3.60052E-05,2.41051E-05,1.50539E-05,2.44767E-05,4.23825E-05,-3.15529E-06,5.14808E-05,4.701E-05,1.11966E-06,3.08567E-05,7.35037E-05,4.18056E-05,5.64743E-05,5.68383E-05,6.98698E-05,0.000107904,6.46239E-05,5.75564E-05,0.000922522,-6.6283E-06,-5.19029E-06,4.16547E-05,7.75124E-05,2.46067E-05,-1.36379E-05,5.40512E-05,0.0001086,4.24636E-05,6.85459E-05,2.36865E-05,9.01311E-05,-8.87953E-06,-2.40997E-06,0.000112848,3.47993E-05,5.40416E-05,-6.03184E-06,6.13906E-05,1.58149E-05,3.80463E-05,5.38106E-07,6.98773E-05,3.99303E-05,6.66467E-06,-1.88469E-07,4.13532E-05,3.2456E-05,2.7508E-05,2.79369E-06,3.94389E-05,7.13994E-05,2.58772E-05,3.01541E-05,8.13616E-05,4.05048E-05,3.25707E-05,4.47864E-05,
,4.43935E-06,5.90158E-06,3.85859E-06,1.1929E-06,7.15112E-06,-5.83981E-06,3.74941E-06,1.4819E-06,2.9357E-06,9.99276E-07,1.43544E-06,4.03695E-07,5.05812E-06,6.9844E-06,7.50004E-06,5.8731E-06,-4.72067E-06,-1.58117E-06,5.4502E-06,-3.84308E-07,-1.79642E-06,-3.10513E-06,1.15041E-08,7.70896E-06,-8.34844E-06,7.00918E-06,2.01779E-06,-4.05719E-06,6.21873E-06,4.69899E-06,-9.89091E-07,3.96765E-06,1.68026E-06,2.56187E-06,-3.99378E-06,-2.13573E-06,-1.21146E-07,1.55477E-06,-6.6283E-06,2.05021E-05,2.65229E-06,8.20222E-06,-1.96614E-06,3.82347E-06,1.03825E-05,1.98655E-06,5.59507E-06,8.87701E-08,2.8731E-06,-4.61798E-06,1.17002E-06,7.38483E-06,8.53181E-06,3.34675E-07,2.37515E-06,1.19101E-05,1.11345E-05,-6.34592E-06,6.13655E-06,3.32715E-06,3.43835E-06,2.84027E-06,4.94519E-06,4.91977E-06,1.00523E-05,6.08895E-06,-7.64213E-07,1.12403E-06,1.31821E-05,2.09441E-06,9.35385E-06,8.40413E-06,3.38313E-06,-2.12868E-06,-1.06006E-06,3.92978E-06,1.78124E-07,
,2.68713E-06,6.92551E-06,9.89619E-07,1.46842E-06,4.08911E-06,1.01396E-05,-1.13576E-06,1.37248E-06,-4.76223E-06,2.60829E-06,-2.64178E-07,1.75797E-06,5.56954E-06,-1.40731E-06,1.8989E-05,1.67759E-06,3.52721E-06,-2.54617E-06,-1.49685E-06,4.45184E-06,-8.43363E-06,-6.67552E-07,1.19552E-05,4.26291E-06,8.89448E-07,2.73399E-06,2.30859E-06,1.09731E-06,8.4247E-07,-1.16851E-06,-1.80315E-06,8.11398E-07,3.83063E-06,-2.12274E-06,-5.58209E-06,1.63049E-05,-3.98177E-06,2.97568E-07,-5.19029E-06,2.65229E-06,2.51559E-05,1.92936E-06,-9.94884E-08,3.57373E-06,3.47838E-06,4.12549E-06,-1.70553E-06,-1.51202E-07,6.83399E-06,-5.11232E-07,-4.79131E-06,3.36276E-06,4.51748E-06,9.66793E-06,-1.06169E-06,-6.14849E-07,6.73201E-06,1.95751E-05,-3.45738E-07,1.54444E-06,3.68099E-06,-3.32394E-06,3.8071E-06,5.48016E-06,2.2856E-06,4.84787E-07,-4.8381E-06,3.4822E-07,4.28377E-06,5.12993E-06,8.25312E-07,3.578E-06,2.51172E-06,-4.53049E-06,-1.09398E-06,6.15518E-06,3.32188E-09,
