,PORT VALUE,10000,,,,,,,,,,,,,,,,,,,,,,,,,,,,,,,,,,,,,,,,,,,,,,,,,,,,,,,,,,,,,,,,,,,,,,,,,,,,,,,,,,
,AJG,AMTD,ANH,BAC,BAM,BANF,BAP,BFY,BHLB,BLE,BOH,BRO,BSRR,BUSE,CBOE,CFFI,CPF,CRVL,CXW,DMLP,DRH,EARN,EBTC,EMCI,EWBC,EZPW,FBC,FBIZ,FHN,FISI,FMN,FNB,FRME,FULT,GBCI,GS,GSBC,GTY,HIW,HT,HTLF,HYT,INDB,JOE,KIM,LBAI,LION,LKFN,MFM,MHI,MPW,MVF,MYN,NAN,NNN,NTRS,NWBI,NZF,OFS,OLP,PDM,PFS,PGR,PHD,PLD,RBCAA,RDN,RF,RJF,RNST,SBRA,SEIC,SHBI,SRCE,STBA,STI,TCBI,THFF,TRMK,UMPQ,VKQ,WAL,WBS,
,0.000419638,0.000733972,0.000100604,0.000707269,0.000507642,0.000764093,0.000589882,2.89867E-05,0.000440464,3.62049E-05,0.000412848,0.000506518,0.000609052,0.000728909,0.000684964,0.000168691,0.00050177,0.000514767,-5.19003E-06,3.00384E-05,0.000272378,-0.00021483,0.000724144,0.000448055,0.000724213,8.90564E-05,0.00073196,0.000453736,0.000417029,0.000455581,4.97676E-05,0.000124267,0.000863987,0.000315145,0.000517563,0.000378274,0.000705805,0.000343816,0.000335693,0.00010003,0.00069916,-6.70899E-05,0.000717908,-1.95137E-05,-0.000137867,0.000609187,0.00057322,0.000752874,0.000108957,-0.0001271,0.000130908,-2.37755E-05,-8.59647E-06,-1.19491E-05,0.000286295,0.000587216,0.000259148,0.00014821,6.28299E-05,0.000239414,0.000142995,0.000439579,0.000722673,-0.000125695,0.000511403,0.000540501,0.000329875,0.00060008,0.000728995,0.000516411,3.33713E-05,0.000656876,0.000773834,0.000653848,0.000591023,0.00065007,0.000778884,0.00039715,0.000274189,0.000346212,5.65546E-05,0.001086065,0.00082422,
,,,,,,,,,,,,,,,,,,,,,,,,,,,,,,,,,,,,,,,,,,,,,,,,,,,,,,,,,,,,,,,,,,,,,,,,,,,,,,,,,,,,
,AJG,AMTD,ANH,BAC,BAM,BANF,BAP,BFY,BHLB,BLE,BOH,BRO,BSRR,BUSE,CBOE,CFFI,CPF,CRVL,CXW,DMLP,DRH,EARN,EBTC,EMCI,EWBC,EZPW,FBC,FBIZ,FHN,FISI,FMN,FNB,FRME,FULT,GBCI,GS,GSBC,GTY,HIW,HT,HTLF,HYT,INDB,JOE,KIM,LBAI,LION,LKFN,MFM,MHI,MPW,MVF,MYN,NAN,NNN,NTRS,NWBI,NZF,OFS,OLP,PDM,PFS,PGR,PHD,PLD,RBCAA,RDN,RF,RJF,RNST,SBRA,SEIC,SHBI,SRCE,STBA,STI,TCBI,THFF,TRMK,UMPQ,VKQ,WAL,WBS,
,9.5564E-05,8.17091E-05,2.00018E-05,7.72459E-05,4.95687E-05,6.1361E-05,5.1444E-05,-2.05851E-06,4.92734E-05,-3.42463E-07,6.2952E-05,6.45297E-05,5.30607E-05,5.56351E-05,4.22045E-05,3.37059E-05,6.27769E-05,5.83733E-05,5.33204E-05,3.02359E-05,6.20759E-05,2.40411E-05,6.09898E-05,4.81E-05,8.29489E-05,5.63178E-05,5.54883E-05,3.50054E-05,7.34799E-05,4.97411E-05,-6.28152E-07,6.70771E-05,6.23668E-05,6.53764E-05,7.95982E-05,7.08689E-05,6.26227E-05,3.41359E-05,4.06346E-05,5.75819E-05,6.09826E-05,1.68568E-05,6.85572E-05,3.40491E-05,3.84871E-05,6.55553E-05,5.69593E-05,5.96479E-05,2.35467E-06,3.23605E-06,4.15891E-05,8.33906E-07,2.66043E-08,-4.97773E-07,2.75853E-05,7.34546E-05,5.36776E-05,-3.38344E-07,1.98705E-05,3.97184E-05,3.26591E-05,5.36588E-05,5.03092E-05,9.09325E-06,4.77935E-05,4.96577E-05,6.45929E-05,8.35186E-05,8.20623E-05,6.44924E-05,3.9624E-05,7.42931E-05,2.87855E-05,6.16704E-05,6.79339E-05,7.43327E-05,7.95425E-05,5.51687E-05,6.94351E-05,6.97018E-05,1.27082E-07,8.14373E-05,7.55203E-05,
,8.17091E-05,0.000273923,2.06466E-05,0.000181336,7.97957E-05,0.000126684,8.00723E-05,-1.04533E-05,0.000108977,-1.01988E-05,0.000133917,8.32682E-05,0.000112834,0.000118575,6.12411E-05,5.3671E-05,0.000130819,8.43408E-05,5.99057E-05,4.54656E-05,9.83616E-05,3.37722E-05,0.000112428,8.12609E-05,0.000188403,0.000118699,0.000106693,7.30506E-05,0.000161432,0.000102747,-6.74191E-06,0.000148602,0.000128512,0.000141208,0.000169316,0.000149963,0.000137494,3.01576E-05,3.93729E-05,8.62182E-05,0.000130805,3.03798E-05,0.000142708,5.13792E-05,3.06473E-05,0.000133986,0.00012357,0.000122073,-6.78144E-06,-8.27847E-06,3.06623E-05,-1.38833E-05,-1.07833E-05,-1.0655E-05,1.7063E-06,0.000154878,0.000101594,-8.54271E-06,3.73762E-05,4.56652E-05,2.72584E-05,0.000115892,6.94709E-05,1.64554E-05,5.19983E-05,0.000102355,0.000125963,0.000187514,0.000187877,0.000138906,2.72409E-05,0.000136567,4.52027E-05,0.000124005,0.000138723,0.000168288,0.000195214,0.000105119,0.000145041,0.000150278,-8.01846E-06,0.000183543,0.000167553,
,2.00018E-05,2.06466E-05,0.000116892,2.42239E-05,3.53755E-05,3.35584E-05,2.72009E-05,9.53031E-06,2.86789E-05,1.03075E-05,2.77283E-05,2.16217E-05,3.78631E-05,3.03729E-05,7.12922E-06,2.45804E-05,3.021E-05,3.86126E-05,4.83123E-05,2.84184E-05,5.6819E-05,7.23401E-05,4.4093E-05,3.21536E-05,2.838E-05,5.8802E-05,2.57375E-05,2.33533E-05,2.60637E-05,2.93873E-05,7.80378E-06,3.02183E-05,2.7419E-05,2.80776E-05,3.31829E-05,2.56681E-05,3.78155E-05,4.28365E-05,4.19642E-05,4.89879E-05,3.24682E-05,1.82723E-05,3.61011E-05,3.83058E-05,4.26904E-05,3.16385E-05,2.91413E-05,2.71329E-05,1.00979E-05,9.78928E-06,5.24378E-05,1.00852E-05,9.95715E-06,8.4916E-06,4.339E-05,2.17057E-05,2.77238E-05,9.18401E-06,1.93687E-05,5.82147E-05,3.70577E-05,2.8882E-05,2.17183E-05,8.93542E-06,4.2217E-05,3.05474E-05,3.39024E-05,2.10951E-05,2.63693E-05,2.61141E-05,5.85466E-05,2.88925E-05,2.20853E-05,3.46865E-05,3.64654E-05,2.27337E-05,3.46912E-05,3.33116E-05,3.34414E-05,3.26914E-05,1.02003E-05,2.51355E-05,3.18823E-05,
,7.72459E-05,0.000181336,2.42239E-05,0.000247272,7.94147E-05,0.000124457,8.2083E-05,-6.86684E-06,0.000115857,-9.39262E-06,0.000136636,7.89865E-05,0.000113988,0.000123477,5.63351E-05,5.01099E-05,0.000141335,7.36606E-05,7.22847E-05,5.15632E-05,9.79205E-05,3.36711E-05,0.000111818,7.57939E-05,0.000194491,0.000108686,0.00011265,8.16218E-05,0.000174784,0.000104754,-1.00154E-05,0.000156792,0.000134335,0.000149689,0.000174463,0.000171154,0.000140237,2.59596E-05,3.94745E-05,8.99597E-05,0.000135676,3.1189E-05,0.000146066,5.29398E-05,3.51865E-05,0.000143294,0.00013017,0.000128383,-1.00308E-05,-6.28448E-06,3.4564E-05,-1.12125E-05,-7.18155E-06,-1.01029E-05,-3.51786E-06,0.000165025,0.000103122,-1.1679E-05,3.91628E-05,4.49858E-05,3.04313E-05,0.000121309,6.93061E-05,1.76953E-05,5.38691E-05,0.000110696,0.000130639,0.000212151,0.000179374,0.000144715,3.12093E-05,0.00013394,5.95571E-05,0.000128065,0.000143849,0.000187514,0.000212864,0.00010531,0.000148815,0.000159126,-8.24213E-06,0.000193504,0.000174504,
,4.95687E-05,7.97957E-05,3.53755E-05,7.94147E-05,0.000143771,5.46911E-05,7.20062E-05,6.34911E-06,4.85576E-05,6.56024E-06,5.48344E-05,4.82601E-05,4.55392E-05,4.95637E-05,2.63747E-05,2.55405E-05,5.31636E-05,5.30123E-05,5.46392E-05,5.22185E-05,7.60909E-05,4.08483E-05,6.24321E-05,3.92637E-05,7.01387E-05,5.0689E-05,5.22696E-05,3.19219E-05,6.51545E-05,4.64741E-05,3.99384E-06,6.25554E-05,5.37324E-05,5.70275E-05,6.77088E-05,7.87245E-05,5.95938E-05,4.32984E-05,5.76782E-05,7.06363E-05,5.44666E-05,3.1305E-05,5.43392E-05,4.93773E-05,5.96961E-05,5.60444E-05,4.89966E-05,4.99605E-05,9.30366E-06,7.14468E-06,6.41999E-05,6.22564E-06,6.05722E-06,4.92766E-06,4.67797E-05,7.29035E-05,3.99446E-05,5.08226E-06,3.27838E-05,4.70048E-05,4.85334E-05,4.9089E-05,5.08666E-05,1.45826E-05,6.85291E-05,4.45119E-05,6.64813E-05,7.75929E-05,7.76519E-05,5.45486E-05,6.01215E-05,7.19531E-05,2.12277E-05,5.21559E-05,5.41614E-05,7.58928E-05,7.61574E-05,4.57628E-05,6.07437E-05,6.27724E-05,6.77345E-06,7.12413E-05,6.55381E-05,
,6.1361E-05,0.000126684,3.35584E-05,0.000124457,5.46911E-05,0.000203249,6.15466E-05,-3.19521E-07,0.000115018,-3.3093E-06,0.000123056,6.2421E-05,0.000130635,0.000130153,5.29917E-05,5.869E-05,0.000139199,9.81203E-05,7.61142E-05,4.40384E-05,8.59288E-05,3.59281E-05,0.000126629,9.82155E-05,0.000148438,0.000102667,0.000102974,7.62168E-05,0.000135128,0.000116317,-5.4634E-06,0.000136424,0.000137414,0.000136126,0.000156293,0.000105134,0.000158934,4.42601E-05,4.00653E-05,7.78206E-05,0.000134138,2.01464E-05,0.000149851,5.76752E-05,3.47079E-05,0.000151514,0.000140387,0.000137929,-2.16377E-06,-2.29934E-06,3.7632E-05,-1.483E-06,-2.08861E-06,-3.54392E-06,1.64948E-05,0.000108786,0.000105867,-2.82883E-06,1.96757E-05,6.97529E-05,3.59285E-05,0.000129278,5.52723E-05,1.00573E-05,4.17447E-05,0.000119612,0.000110144,0.000143854,0.000122116,0.000141445,4.07587E-05,8.98084E-05,5.55538E-05,0.000147003,0.000156604,0.00012681,0.000169571,0.000122315,0.000142507,0.000146786,-2.54931E-06,0.000160079,0.000151485,
,5.1444E-05,8.00723E-05,2.72009E-05,8.2083E-05,7.20062E-05,6.15466E-05,0.000231476,8.64057E-06,5.39811E-05,1.12257E-05,6.36732E-05,4.71293E-05,7.0647E-05,5.36576E-05,2.47046E-05,2.80421E-05,6.54749E-05,4.77238E-05,4.58041E-05,6.45844E-05,6.98178E-05,3.40829E-05,6.55898E-05,4.27629E-05,8.38271E-05,7.63394E-05,6.07033E-05,4.00468E-05,7.97996E-05,5.19511E-05,8.21829E-06,7.54003E-05,6.14432E-05,6.8307E-05,7.83285E-05,8.46949E-05,6.8292E-05,4.25716E-05,5.10867E-05,6.90952E-05,6.39486E-05,3.07517E-05,6.69668E-05,4.89791E-05,4.93591E-05,6.37718E-05,5.54876E-05,5.51458E-05,8.98505E-06,1.04285E-05,4.65267E-05,1.0552E-05,8.0847E-06,7.27292E-06,3.75137E-05,7.96611E-05,5.02706E-05,6.33244E-06,2.05877E-05,4.38032E-05,4.21418E-05,5.51965E-05,4.77527E-05,1.21481E-05,5.55423E-05,5.42458E-05,7.19406E-05,9.13666E-05,8.30707E-05,7.28601E-05,4.88556E-05,6.93809E-05,2.99096E-05,5.64912E-05,6.81432E-05,8.13876E-05,0.000102458,5.5029E-05,7.22655E-05,7.43269E-05,8.54762E-06,8.87287E-05,7.60109E-05,
,-2.05851E-06,-1.04533E-05,9.53031E-06,-6.86684E-06,6.34911E-06,-3.19521E-07,8.64057E-06,5.32368E-05,-2.88402E-06,1.61061E-05,-5.6614E-06,-6.9739E-07,-6.05835E-07,-2.45617E-06,-1.78919E-07,5.08577E-06,-4.56873E-06,5.36451E-06,4.13749E-07,3.81415E-06,3.16187E-07,1.00975E-05,-1.61052E-06,-1.1079E-06,-8.58242E-06,7.01601E-06,-2.20537E-06,7.48674E-07,-4.8908E-06,-5.08694E-06,1.1819E-05,-4.63729E-06,-4.19397E-06,-2.41201E-06,-6.76517E-06,-6.29403E-06,-2.79582E-06,6.30145E-06,8.2016E-06,-1.27054E-06,-3.58303E-06,6.62626E-06,-4.28241E-06,1.83476E-07,1.10082E-05,-6.78079E-06,-5.49264E-06,-3.99857E-06,1.09641E-05,1.43521E-05,1.37007E-05,1.57134E-05,1.5609E-05,1.58627E-05,1.28049E-05,-4.73955E-06,-2.62088E-06,1.30174E-05,2.20506E-06,5.5189E-06,8.62674E-06,-4.67522E-06,-1.62686E-06,5.24304E-06,8.52578E-06,3.15533E-06,2.29381E-06,-8.69219E-06,-2.844E-06,-2.60775E-06,1.22573E-05,-5.38415E-06,1.15096E-06,-2.10114E-06,-4.17831E-06,-5.46978E-06,-3.58321E-06,-3.32872E-06,-6.60205E-06,-3.79853E-06,1.50537E-05,-9.27775E-06,-7.94994E-06,
,4.92734E-05,0.000108977,2.86789E-05,0.000115857,4.85576E-05,0.000115018,5.39811E-05,-2.88402E-06,0.000152452,-5.17299E-06,0.000107153,5.47098E-05,0.0001117,0.000113463,3.77136E-05,5.04225E-05,0.000121542,7.74024E-05,5.70837E-05,3.14077E-05,7.75386E-05,3.50576E-05,0.000117365,7.70741E-05,0.000133805,8.72296E-05,9.96701E-05,6.07768E-05,0.000121932,0.00010242,-4.41138E-06,0.000128091,0.00012032,0.000119314,0.000142055,9.49588E-05,0.000133385,4.51508E-05,3.97891E-05,7.34281E-05,0.00011954,2.04157E-05,0.000128789,4.8829E-05,3.60014E-05,0.000129787,0.000116361,0.000119913,-1.16585E-06,-2.66212E-06,3.85944E-05,-4.40031E-06,-3.90442E-06,-5.21958E-06,1.244E-05,9.71622E-05,9.55098E-05,-3.98154E-06,2.31211E-05,6.25538E-05,3.26824E-05,0.000115653,5.02968E-05,1.17082E-05,4.06957E-05,0.000101994,8.38075E-05,0.000130577,0.000109212,0.000125949,4.20037E-05,8.73747E-05,4.20642E-05,0.000120263,0.000136952,0.000113435,0.000149838,0.00010614,0.000126462,0.000127788,-2.35182E-06,0.000138879,0.000138256,
,-3.42463E-07,-1.01988E-05,1.03075E-05,-9.39262E-06,6.56024E-06,-3.3093E-06,1.12257E-05,1.61061E-05,-5.17299E-06,3.78704E-05,-7.27237E-06,3.14391E-07,-1.39516E-06,-4.30661E-06,-3.20888E-06,4.62179E-06,-7.35813E-06,4.36336E-06,1.29869E-06,6.15022E-06,7.39805E-06,1.1508E-05,-2.44048E-06,2.0302E-06,-1.18983E-05,3.02938E-06,-1.14307E-06,-4.58686E-06,-7.06552E-06,-3.87679E-06,1.39655E-05,-7.1661E-06,-6.7787E-06,-7.34153E-06,-8.77454E-06,-4.285E-06,-5.16741E-06,1.13976E-05,1.05593E-05,4.38494E-06,-6.8304E-06,8.97266E-06,-5.09225E-06,1.9325E-06,1.11465E-05,-7.85122E-06,-5.20227E-06,-6.86461E-06,1.94669E-05,1.71244E-05,1.05253E-05,2.29114E-05,1.65159E-05,1.45347E-05,1.67818E-05,-4.90008E-06,-2.91562E-06,1.73519E-05,1.04524E-05,8.66514E-06,9.18829E-06,-4.01032E-06,1.82251E-06,5.78045E-06,8.74239E-06,-2.41205E-06,2.67279E-06,-9.51138E-06,-6.04983E-06,-4.83055E-06,1.66567E-05,-2.58324E-07,-7.91341E-07,-7.55099E-06,-4.71655E-06,-6.05919E-06,-1.15124E-05,-5.74386E-06,-7.50901E-06,-8.23121E-06,1.87236E-05,-1.1518E-05,-9.18029E-06,
,6.2952E-05,0.000133917,2.77283E-05,0.000136636,5.48344E-05,0.000123056,6.36732E-05,-5.6614E-06,0.000107153,-7.27237E-06,0.000148928,6.46232E-05,0.000110536,0.000114895,4.77722E-05,4.3593E-05,0.00013652,7.44776E-05,7.11826E-05,4.54936E-05,8.1838E-05,3.41722E-05,0.000108002,7.45053E-05,0.000160301,9.4103E-05,0.000100091,6.66692E-05,0.00014472,9.89457E-05,-6.98717E-06,0.000142599,0.00012278,0.000138831,0.000160546,0.000111857,0.000136051,3.60811E-05,3.76021E-05,7.54184E-05,0.000128987,2.16603E-05,0.000137545,4.60602E-05,3.34356E-05,0.000130569,0.000122168,0.000122937,-6.6578E-06,-1.94352E-06,3.58959E-05,-6.83385E-06,-5.84496E-06,-7.9534E-06,1.12608E-05,0.000117466,0.000100166,-5.25763E-06,2.40577E-05,5.27971E-05,3.38196E-05,0.000116886,5.46961E-05,1.04294E-05,4.00542E-05,0.000100909,9.89137E-05,0.000157776,0.00012968,0.000132785,3.4196E-05,9.8324E-05,4.95241E-05,0.000122907,0.000138714,0.000137641,0.000179341,0.000105286,0.000141901,0.000147526,-5.33805E-06,0.00016627,0.000156853,
,6.45297E-05,8.32682E-05,2.16217E-05,7.89865E-05,4.82601E-05,6.2421E-05,4.71293E-05,-6.9739E-07,5.47098E-05,3.14391E-07,6.46232E-05,9.88855E-05,6.09998E-05,5.95346E-05,3.40629E-05,2.80854E-05,6.05959E-05,5.17608E-05,5.20037E-05,3.24031E-05,6.27246E-05,2.54495E-05,6.41285E-05,4.99405E-05,7.78795E-05,5.34933E-05,5.46265E-05,3.43372E-05,7.46943E-05,5.66516E-05,-6.56406E-07,7.16694E-05,6.5859E-05,6.74602E-05,8.06366E-05,6.77608E-05,6.87919E-05,3.2666E-05,3.80743E-05,5.25213E-05,6.74956E-05,1.7116E-05,6.95696E-05,4.11266E-05,3.64477E-05,7.14281E-05,5.55569E-05,6.07876E-05,3.52525E-07,2.39987E-06,3.64826E-05,1.68273E-06,5.72547E-07,-5.08095E-07,2.53987E-05,6.88817E-05,5.15981E-05,2.55868E-07,2.09708E-05,4.02595E-05,3.14281E-05,5.82164E-05,4.54947E-05,1.04291E-05,4.3331E-05,5.6047E-05,6.12501E-05,7.84084E-05,7.91656E-05,6.6265E-05,3.79807E-05,6.85987E-05,2.86539E-05,6.20658E-05,7.08634E-05,7.42228E-05,8.24131E-05,5.64051E-05,7.04116E-05,7.23051E-05,9.17818E-07,8.08197E-05,8.05088E-05,
,5.30607E-05,0.000112834,3.78631E-05,0.000113988,4.55392E-05,0.000130635,7.0647E-05,-6.05835E-07,0.0001117,-1.39516E-06,0.000110536,6.09998E-05,0.000262203,0.000124476,3.45957E-05,6.07993E-05,0.000128064,9.6651E-05,6.01287E-05,3.93672E-05,8.5504E-05,3.70579E-05,0.000140938,9.76708E-05,0.000132731,9.41802E-05,9.64032E-05,8.23549E-05,0.000121935,0.000112288,-4.38855E-06,0.00013159,0.00012997,0.000124544,0.000149582,9.62532E-05,0.000155249,5.58326E-05,4.19047E-05,7.95632E-05,0.000125625,2.0543E-05,0.000128619,5.15024E-05,3.77142E-05,0.000151532,0.000123866,0.000130957,6.25278E-07,-3.66461E-06,4.66201E-05,-2.26722E-06,-2.84049E-06,-3.59757E-06,2.27532E-05,9.90703E-05,0.000100738,-1.45536E-06,2.52873E-05,7.36616E-05,3.7738E-05,0.000119234,4.5055E-05,1.06733E-05,4.0565E-05,0.000119123,0.000107475,0.00012876,0.00011298,0.000134096,4.21556E-05,8.14768E-05,5.15873E-05,0.000136438,0.000149142,0.000112524,0.000154152,0.000125524,0.000136453,0.000130604,-4.73166E-07,0.000146734,0.000137768,
,5.56351E-05,0.000118575,3.03729E-05,0.000123477,4.95637E-05,0.000130153,5.36576E-05,-2.45617E-06,0.000113463,-4.30661E-06,0.000114895,5.95346E-05,0.000124476,0.000191963,4.70654E-05,5.77282E-05,0.000131253,9.24662E-05,6.99618E-05,3.14266E-05,8.05173E-05,3.40756E-05,0.000131768,9.62643E-05,0.000142927,9.13965E-05,0.000100431,7.65731E-05,0.000127185,0.0001139,-4.35643E-06,0.000133958,0.00013315,0.000126385,0.00015269,9.97619E-05,0.0001535,4.96934E-05,4.30076E-05,7.83892E-05,0.000128878,1.93238E-05,0.000138808,5.56505E-05,3.82209E-05,0.000149213,0.000133139,0.000134718,-4.43117E-06,-2.6388E-06,4.09911E-05,-5.54566E-06,-4.93883E-06,-5.98846E-06,1.78584E-05,0.00010404,9.98666E-05,-4.56522E-06,2.33008E-05,6.92337E-05,3.55145E-05,0.000124245,5.23051E-05,7.36332E-06,4.25784E-05,0.000115624,0.000105779,0.000135536,0.000119466,0.000139689,4.56489E-05,9.34165E-05,5.19412E-05,0.000135525,0.000150686,0.000119684,0.000152244,0.000122241,0.00013592,0.000139416,-5.03047E-06,0.000151876,0.000146536,
,4.22045E-05,6.12411E-05,7.12922E-06,5.63351E-05,2.63747E-05,5.29917E-05,2.47046E-05,-1.78919E-07,3.77136E-05,-3.20888E-06,4.77722E-05,3.40629E-05,3.45957E-05,4.70654E-05,0.000161995,2.58352E-05,4.65273E-05,4.7382E-05,4.0224E-05,6.16481E-07,3.45791E-05,1.17188E-05,4.89525E-05,3.9895E-05,5.95713E-05,2.3891E-05,3.76273E-05,2.58916E-05,5.35881E-05,3.64464E-05,-2.92209E-06,4.96919E-05,4.90715E-05,4.78337E-05,6.02858E-05,5.13982E-05,5.10735E-05,2.25925E-05,2.68493E-05,2.5008E-05,4.84559E-05,5.3228E-06,5.03612E-05,1.43365E-05,2.64979E-05,5.23247E-05,4.67414E-05,4.78519E-05,9.58423E-07,-7.89332E-07,1.68558E-05,-2.38162E-06,-1.58137E-06,-2.06433E-06,2.3781E-05,5.27731E-05,3.7305E-05,-1.10311E-06,2.17104E-05,2.42168E-05,2.16539E-05,4.62196E-05,3.36043E-05,2.11943E-06,3.04657E-05,3.39354E-05,4.6578E-05,5.87698E-05,5.93212E-05,4.94881E-05,1.37022E-05,6.11046E-05,1.69527E-05,5.42816E-05,5.61323E-05,5.12235E-05,4.7817E-05,3.60786E-05,5.2016E-05,4.95044E-05,-2.18489E-06,6.19811E-05,5.78115E-05,
,3.37059E-05,5.3671E-05,2.45804E-05,5.01099E-05,2.55405E-05,5.869E-05,2.80421E-05,5.08577E-06,5.04225E-05,4.62179E-06,4.3593E-05,2.80854E-05,6.07993E-05,5.77282E-05,2.58352E-05,0.000227222,4.78652E-05,5.31444E-05,2.49813E-05,1.85977E-05,3.56513E-05,2.65468E-05,6.41175E-05,4.12053E-05,5.7572E-05,5.57934E-05,4.58256E-05,2.81468E-05,4.88336E-05,5.08475E-05,2.8736E-06,5.72815E-05,5.73E-05,4.90363E-05,5.86181E-05,4.85573E-05,6.15787E-05,3.30986E-05,2.5989E-05,3.69549E-05,4.95428E-05,1.26808E-05,5.76405E-05,2.65334E-05,2.47333E-05,6.39288E-05,5.69348E-05,5.38007E-05,4.01792E-06,4.11684E-06,2.68241E-05,2.76785E-06,3.49346E-07,2.62701E-06,1.87543E-05,4.45159E-05,4.44142E-05,3.11816E-06,1.57693E-05,3.72524E-05,2.27238E-05,5.57784E-05,2.74104E-05,6.04823E-06,2.91996E-05,5.35427E-05,4.85696E-05,5.01825E-05,4.86071E-05,5.93408E-05,2.88752E-05,4.45125E-05,4.17132E-05,5.40462E-05,6.23566E-05,4.63805E-05,6.19299E-05,5.56352E-05,5.70306E-05,5.15174E-05,3.13591E-06,5.68005E-05,5.48407E-05,
,6.27769E-05,0.000130819,3.021E-05,0.000141335,5.31636E-05,0.000139199,6.54749E-05,-4.56873E-06,0.000121542,-7.35813E-06,0.00013652,6.05959E-05,0.000128064,0.000131253,4.65273E-05,4.78652E-05,0.000241314,8.13173E-05,7.56423E-05,5.03755E-05,9.14235E-05,3.77018E-05,0.000118634,8.67785E-05,0.000166465,0.000108972,0.000114,7.98429E-05,0.000149481,0.000108507,-5.81119E-06,0.000154594,0.000136272,0.000148697,0.000170993,0.000117065,0.00015434,4.09331E-05,3.74659E-05,8.64912E-05,0.000141619,2.3136E-05,0.000153655,6.03081E-05,3.20348E-05,0.00014842,0.000136528,0.000135175,-7.24492E-06,-4.09618E-06,3.68114E-05,-6.695E-06,-5.77939E-06,-7.34328E-06,8.62737E-06,0.000122915,0.000109387,-5.91157E-06,1.95893E-05,6.01162E-05,3.37347E-05,0.000131211,5.42458E-05,1.16172E-05,3.90056E-05,0.000120239,0.000107614,0.000163382,0.000132927,0.000148416,4.15905E-05,9.59431E-05,6.00919E-05,0.000136657,0.000162563,0.000143469,0.000193576,0.000124729,0.000154924,0.00015631,-5.02104E-06,0.000172996,0.000165756,
,5.83733E-05,8.43408E-05,3.86126E-05,7.36606E-05,5.30123E-05,9.81203E-05,4.77238E-05,5.36451E-06,7.74024E-05,4.36336E-06,7.44776E-05,5.17608E-05,9.6651E-05,9.24662E-05,4.7382E-05,5.31444E-05,8.13173E-05,0.000314056,5.79429E-05,2.04942E-05,7.15519E-05,4.05608E-05,0.0001196,8.55339E-05,8.83566E-05,8.76055E-05,6.22561E-05,4.98559E-05,7.69603E-05,9.82116E-05,-2.23256E-06,8.85343E-05,9.86444E-05,8.24575E-05,0.000105326,7.05593E-05,0.000110653,5.83186E-05,5.16269E-05,6.57306E-05,9.12509E-05,2.15283E-05,9.74449E-05,5.45552E-05,4.65684E-05,0.000113444,8.87499E-05,9.63775E-05,5.97015E-07,2.84288E-06,5.63259E-05,1.93959E-06,3.16802E-06,2.60275E-06,4.01551E-05,7.37762E-05,7.8151E-05,2.93336E-06,2.57691E-05,7.60532E-05,4.45765E-05,9.19259E-05,5.11845E-05,7.97961E-06,5.96197E-05,7.7815E-05,7.86767E-05,7.37592E-05,8.50331E-05,9.03509E-05,5.86574E-05,8.54269E-05,3.88838E-05,0.000104724,0.000117357,7.10992E-05,9.0768E-05,8.40316E-05,9.06975E-05,8.78331E-05,3.12626E-06,9.79694E-05,8.38577E-05,
,5.33204E-05,5.99057E-05,4.83123E-05,7.22847E-05,5.46392E-05,7.61142E-05,4.58041E-05,4.13749E-07,5.70837E-05,1.29869E-06,7.11826E-05,5.20037E-05,6.01287E-05,6.99618E-05,4.0224E-05,2.49813E-05,7.56423E-05,5.79429E-05,0.000545806,6.02884E-05,0.000102376,5.02409E-05,5.56318E-05,6.63502E-05,7.94403E-05,7.22993E-05,4.95361E-05,4.08244E-05,8.01458E-05,6.92533E-05,-1.05056E-08,7.42824E-05,6.44176E-05,7.4244E-05,9.15923E-05,7.61391E-05,7.75492E-05,6.54892E-05,7.10779E-05,9.21882E-05,6.87137E-05,2.01797E-05,7.66711E-05,5.81827E-05,7.42607E-05,7.57623E-05,6.60575E-05,7.00235E-05,4.13769E-07,5.64111E-06,8.97645E-05,5.78429E-06,2.42557E-06,-4.02063E-06,5.59776E-05,6.91039E-05,5.95732E-05,2.15692E-06,2.80072E-05,8.78107E-05,6.66374E-05,7.29374E-05,3.45623E-05,1.0991E-05,6.5209E-05,6.4698E-05,5.67102E-05,7.23108E-05,8.76583E-05,7.53421E-05,9.56387E-05,7.465E-05,2.74449E-05,7.40879E-05,8.21731E-05,7.04003E-05,9.11849E-05,7.11051E-05,8.08859E-05,8.33937E-05,4.92741E-07,7.9708E-05,8.95832E-05,
,3.02359E-05,4.54656E-05,2.84184E-05,5.15632E-05,5.22185E-05,4.40384E-05,6.45844E-05,3.81415E-06,3.14077E-05,6.15022E-06,4.54936E-05,3.24031E-05,3.93672E-05,3.14266E-05,6.16481E-07,1.85977E-05,5.03755E-05,2.04942E-05,6.02884E-05,0.000425121,6.69083E-05,4.31241E-05,5.48006E-05,3.32327E-05,5.40196E-05,7.42951E-05,3.80041E-05,2.64367E-05,4.79235E-05,4.01872E-05,5.79483E-06,5.05743E-05,4.02527E-05,5.06507E-05,6.10385E-05,5.05257E-05,5.5222E-05,2.16936E-05,3.12124E-05,6.38559E-05,5.46264E-05,2.69489E-05,4.80396E-05,4.15985E-05,2.76972E-05,4.15612E-05,5.45423E-05,3.71883E-05,3.15988E-06,5.22342E-06,4.13791E-05,7.11687E-06,4.66993E-06,7.3548E-06,2.02379E-05,5.38016E-05,2.48342E-05,5.54313E-06,2.49572E-05,3.40887E-05,2.80995E-05,2.94895E-05,2.2344E-05,1.72594E-05,3.34697E-05,3.73042E-05,4.71419E-05,5.6524E-05,5.27214E-05,4.71831E-05,4.70183E-05,4.07215E-05,6.77782E-06,3.81216E-05,5.15182E-05,5.24846E-05,8.57741E-05,4.2472E-05,5.21269E-05,6.152E-05,3.73488E-06,6.00085E-05,5.58881E-05,
,6.20759E-05,9.83616E-05,5.6819E-05,9.79205E-05,7.60909E-05,8.59288E-05,6.98178E-05,3.16187E-07,7.75386E-05,7.39805E-06,8.1838E-05,6.27246E-05,8.5504E-05,8.05173E-05,3.45791E-05,3.56513E-05,9.14235E-05,7.15519E-05,0.000102376,6.69083E-05,0.000237615,5.65824E-05,0.000104075,7.72451E-05,0.000108771,9.4116E-05,6.83027E-05,4.96965E-05,9.55339E-05,7.44338E-05,2.49065E-06,9.31169E-05,8.61803E-05,8.93692E-05,0.000108729,9.27665E-05,0.000102694,8.01187E-05,8.69643E-05,0.000164238,9.38649E-05,2.98051E-05,9.33117E-05,7.79302E-05,8.77198E-05,9.20433E-05,8.9075E-05,8.31749E-05,3.64625E-06,1.09747E-05,9.56542E-05,7.62832E-06,7.15578E-06,3.69371E-06,7.08814E-05,8.90598E-05,6.82927E-05,5.45077E-06,3.36129E-05,9.56819E-05,8.24035E-05,8.99506E-05,5.88237E-05,1.52276E-05,9.01191E-05,7.51769E-05,0.000100082,0.000102501,9.93181E-05,9.272E-05,0.000107837,9.31854E-05,3.40439E-05,8.35915E-05,9.907E-05,9.21645E-05,0.000109142,7.86495E-05,9.45699E-05,0.00010005,7.67588E-06,0.000101218,0.000105171,
,2.40411E-05,3.37722E-05,7.23401E-05,3.36711E-05,4.08483E-05,3.59281E-05,3.40829E-05,1.00975E-05,3.50576E-05,1.1508E-05,3.41722E-05,2.54495E-05,3.70579E-05,3.40756E-05,1.17188E-05,2.65468E-05,3.77018E-05,4.05608E-05,5.02409E-05,4.31241E-05,5.65824E-05,0.000152172,5.31082E-05,2.63167E-05,3.89518E-05,7.05029E-05,3.34229E-05,1.94716E-05,3.34603E-05,2.92818E-05,7.70758E-06,3.77378E-05,3.4989E-05,3.60039E-05,4.3293E-05,3.31222E-05,4.27311E-05,4.47916E-05,4.50228E-05,5.32593E-05,3.54927E-05,2.41662E-05,3.98972E-05,3.32319E-05,4.40236E-05,3.87478E-05,4.0626E-05,3.13581E-05,1.212E-05,1.3217E-05,5.63029E-05,9.50711E-06,8.58533E-06,6.57403E-06,4.46217E-05,3.27622E-05,3.21546E-05,8.52051E-06,2.5676E-05,5.41618E-05,4.24202E-05,3.76483E-05,2.69204E-05,1.29053E-05,4.90815E-05,3.37183E-05,4.23361E-05,3.47505E-05,3.53844E-05,3.72465E-05,5.80536E-05,4.2447E-05,1.97581E-05,3.61139E-05,4.37984E-05,3.26042E-05,4.4179E-05,3.10565E-05,4.00201E-05,3.958E-05,1.19861E-05,3.97852E-05,4.01512E-05,
,6.09898E-05,0.000112428,4.4093E-05,0.000111818,6.24321E-05,0.000126629,6.55898E-05,-1.61052E-06,0.000117365,-2.44048E-06,0.000108002,6.41285E-05,0.000140938,0.000131768,4.89525E-05,6.41175E-05,0.000118634,0.0001196,5.56318E-05,5.48006E-05,0.000104075,5.31082E-05,0.000418112,0.000121725,0.000132588,0.000115607,9.51056E-05,8.16621E-05,0.000119848,0.000121774,3.75139E-07,0.000127755,0.000136509,0.000121397,0.000146713,0.000100881,0.000164773,6.92878E-05,6.18003E-05,9.67095E-05,0.000133454,1.97289E-05,0.000136146,6.81729E-05,4.66101E-05,0.00014881,0.000122636,0.000133659,-1.01196E-06,1.97266E-06,5.81292E-05,3.12479E-07,4.59374E-07,-2.39016E-06,2.99531E-05,9.62384E-05,9.6049E-05,-1.52868E-07,2.77979E-05,8.60291E-05,5.1561E-05,0.000135155,6.45827E-05,1.40778E-05,5.51426E-05,0.000130806,0.000113915,0.000119546,0.000116201,0.000140942,6.43401E-05,8.95648E-05,5.48389E-05,0.000140382,0.000160175,0.000101596,0.000147903,0.000125705,0.00013223,0.000129083,9.40523E-07,0.00014172,0.000136941,
,4.81E-05,8.12609E-05,3.21536E-05,7.57939E-05,3.92637E-05,9.82155E-05,4.27629E-05,-1.1079E-06,7.70741E-05,2.0302E-06,7.45053E-05,4.99405E-05,9.76708E-05,9.62643E-05,3.9895E-05,4.12053E-05,8.67785E-05,8.55339E-05,6.63502E-05,3.32327E-05,7.72451E-05,2.63167E-05,0.000121725,0.000257265,8.60641E-05,7.7829E-05,6.17105E-05,6.00359E-05,8.23434E-05,8.83666E-05,1.05935E-06,8.91372E-05,9.49296E-05,9.19125E-05,0.000108547,6.77544E-05,0.00011875,5.10152E-05,5.02378E-05,6.72132E-05,9.27715E-05,1.50747E-05,9.5416E-05,4.85216E-05,4.93232E-05,0.000107233,9.66126E-05,9.56137E-05,1.67659E-06,5.09482E-06,4.86172E-05,1.1397E-06,1.38556E-06,-5.0779E-07,3.72699E-05,7.05276E-05,7.2653E-05,2.99576E-06,1.87145E-05,7.14415E-05,3.9404E-05,9.13254E-05,4.22786E-05,6.65771E-06,4.47367E-05,8.6365E-05,9.8512E-05,8.10289E-05,8.34003E-05,9.96778E-05,5.46929E-05,6.8905E-05,3.15662E-05,0.000103642,0.000106929,6.86724E-05,9.67136E-05,9.24462E-05,8.9603E-05,9.08574E-05,2.76794E-06,0.000103722,9.43849E-05,
,8.29489E-05,0.000188403,2.838E-05,0.000194491,7.01387E-05,0.000148438,8.38271E-05,-8.58242E-06,0.000133805,-1.18983E-05,0.000160301,7.78795E-05,0.000132731,0.000142927,5.95713E-05,5.7572E-05,0.000166465,8.83566E-05,7.94403E-05,5.40196E-05,0.000108771,3.89518E-05,0.000132588,8.60641E-05,0.000263615,0.000141376,0.000125951,8.69428E-05,0.000190658,0.000120717,-9.33044E-06,0.000182079,0.000159054,0.000173388,0.000202093,0.000154572,0.000166899,3.50208E-05,4.19221E-05,0.0001004,0.00015715,2.90414E-05,0.000170629,5.61917E-05,3.52031E-05,0.000162054,0.000158289,0.000149635,-9.04227E-06,-1.02442E-05,3.96945E-05,-1.29554E-05,-7.8952E-06,-1.04072E-05,3.12008E-06,0.000161394,0.000123144,-8.97661E-06,3.25597E-05,5.62728E-05,3.508E-05,0.00014327,7.2204E-05,1.54802E-05,5.37592E-05,0.0001259,0.000138838,0.000218156,0.000183888,0.00016995,3.96151E-05,0.000139679,6.24017E-05,0.000152086,0.000172842,0.000185974,0.000236319,0.000127961,0.00017636,0.000185509,-8.88731E-06,0.000223483,0.000209087,
,5.63178E-05,0.000118699,5.8802E-05,0.000108686,5.0689E-05,0.000102667,7.63394E-05,7.01601E-06,8.72296E-05,3.02938E-06,9.4103E-05,5.34933E-05,9.41802E-05,9.13965E-05,2.3891E-05,5.57934E-05,0.000108972,8.76055E-05,7.22993E-05,7.42951E-05,9.4116E-05,7.05029E-05,0.000115607,7.7829E-05,0.000141376,0.000868791,7.62724E-05,6.43444E-05,0.000119348,0.000100598,-1.63216E-06,0.000115218,9.50299E-05,0.000110627,0.000128043,9.84694E-05,0.00011581,4.44609E-05,4.32106E-05,0.000104976,0.000100612,3.24405E-05,0.00010982,7.52356E-05,3.33546E-05,0.000115973,0.000105621,8.40138E-05,7.01872E-06,1.83473E-06,6.93291E-05,1.07033E-06,4.76854E-06,1.54186E-06,1.21814E-05,9.22579E-05,8.08288E-05,2.2461E-06,2.25616E-05,7.09377E-05,3.45656E-05,9.57628E-05,3.81508E-05,1.6498E-05,4.62562E-05,9.37414E-05,0.000113253,0.000119399,0.000107478,0.00011098,6.64405E-05,8.91068E-05,3.70934E-05,9.66529E-05,0.000111494,0.000111619,0.000146382,8.47887E-05,0.000112659,0.000116731,3.37647E-06,0.000129138,0.000128669,
,5.54883E-05,0.000106693,2.57375E-05,0.00011265,5.22696E-05,0.000102974,6.07033E-05,-2.20537E-06,9.96701E-05,-1.14307E-06,0.000100091,5.46265E-05,9.64032E-05,0.000100431,3.76273E-05,4.58256E-05,0.000114,6.22561E-05,4.95361E-05,3.80041E-05,6.83027E-05,3.34229E-05,9.51056E-05,6.17105E-05,0.000125951,7.62724E-05,0.000289724,6.3687E-05,0.000120708,9.18002E-05,4.51761E-08,0.000117867,0.000104309,0.000107748,0.00013111,8.90795E-05,0.000118654,3.54011E-05,3.40589E-05,7.1136E-05,0.000106381,2.13488E-05,0.000117971,5.8292E-05,2.92662E-05,0.000118337,0.000101192,9.90369E-05,4.04765E-07,3.87743E-06,3.71406E-05,3.74144E-06,4.19417E-07,-2.1854E-06,1.91301E-05,9.7257E-05,8.11202E-05,-1.06254E-06,1.84406E-05,4.80693E-05,2.84077E-05,0.000100403,4.41846E-05,1.02679E-05,3.75613E-05,9.2651E-05,8.86267E-05,0.000129342,0.000106183,0.000113853,3.84139E-05,9.08141E-05,4.31989E-05,0.000103543,0.000115908,0.000114057,0.00015261,9.05204E-05,0.000119722,0.000119043,9.06578E-07,0.000131874,0.000124758,
,3.50054E-05,7.30506E-05,2.33533E-05,8.16218E-05,3.19219E-05,7.62168E-05,4.00468E-05,7.48674E-07,6.07768E-05,-4.58686E-06,6.66692E-05,3.43372E-05,8.23549E-05,7.65731E-05,2.58916E-05,2.81468E-05,7.98429E-05,4.98559E-05,4.08244E-05,2.64367E-05,4.96965E-05,1.94716E-05,8.16621E-05,6.00359E-05,8.69428E-05,6.43444E-05,6.3687E-05,0.000199485,7.62243E-05,6.34635E-05,-4.3388E-06,8.11022E-05,7.83766E-05,7.78562E-05,9.27771E-05,6.51207E-05,8.77365E-05,2.08899E-05,2.20487E-05,4.72523E-05,8.15293E-05,1.37346E-05,8.2995E-05,4.37892E-05,1.98074E-05,8.87477E-05,8.54118E-05,7.71104E-05,-6.45039E-06,-4.41387E-06,2.27151E-05,-3.02858E-06,-5.06271E-06,-3.87483E-06,3.75369E-06,6.4826E-05,5.7528E-05,-6.14417E-06,1.7003E-05,3.9708E-05,1.4996E-05,7.25307E-05,3.18738E-05,7.27496E-06,2.20271E-05,6.40944E-05,5.81801E-05,8.2915E-05,7.31898E-05,8.04058E-05,1.98738E-05,5.76733E-05,3.65221E-05,8.31818E-05,8.95501E-05,7.6825E-05,0.000101937,7.59051E-05,7.97223E-05,8.03043E-05,-8.01317E-06,8.97664E-05,8.66435E-05,
,7.34799E-05,0.000161432,2.60637E-05,0.000174784,6.51545E-05,0.000135128,7.97996E-05,-4.8908E-06,0.000121932,-7.06552E-06,0.00014472,7.46943E-05,0.000121935,0.000127185,5.35881E-05,4.88336E-05,0.000149481,7.69603E-05,8.01458E-05,4.79235E-05,9.55339E-05,3.34603E-05,0.000119848,8.23434E-05,0.000190658,0.000119348,0.000120708,7.62243E-05,0.000210477,0.000110267,-7.22237E-06,0.000163326,0.000140595,0.000157254,0.000180038,0.000139075,0.00015085,3.33795E-05,3.99861E-05,9.09046E-05,0.000143367,2.7113E-05,0.000152906,5.77923E-05,3.68993E-05,0.000146649,0.000136952,0.000134899,-6.41882E-06,-3.8655E-06,3.70976E-05,-5.16693E-06,-5.81528E-06,-7.63452E-06,7.50163E-06,0.000143105,0.000110706,-6.65272E-06,3.37594E-05,5.46429E-05,3.5798E-05,0.000130174,6.67705E-05,1.52095E-05,4.58798E-05,0.000114818,0.00012392,0.00019709,0.000159124,0.000150541,3.71755E-05,0.000119387,5.54557E-05,0.000137944,0.000151624,0.000172795,0.000213279,0.000117032,0.000160837,0.000165778,-6.51185E-06,0.000195231,0.000180717,
,4.97411E-05,0.000102747,2.93873E-05,0.000104754,4.64741E-05,0.000116317,5.19511E-05,-5.08694E-06,0.00010242,-3.87679E-06,9.89457E-05,5.66516E-05,0.000112288,0.0001139,3.64464E-05,5.08475E-05,0.000108507,9.82116E-05,6.92533E-05,4.01872E-05,7.44338E-05,2.92818E-05,0.000121774,8.83666E-05,0.000120717,0.000100598,9.18002E-05,6.34635E-05,0.000110267,0.000208173,-5.50824E-06,0.000119278,0.000118447,0.00010917,0.000135168,9.04131E-05,0.000135709,4.17404E-05,3.66096E-05,7.27013E-05,0.000116237,1.74298E-05,0.000119443,5.50957E-05,3.34659E-05,0.00013893,0.00011692,0.000114133,-2.53884E-06,-3.54268E-06,3.87033E-05,-4.78335E-06,-6.003E-06,-5.03938E-06,1.54672E-05,8.87878E-05,8.92677E-05,-6.70099E-06,2.40763E-05,6.37206E-05,3.22192E-05,0.000112315,4.82811E-05,8.28761E-06,3.76218E-05,0.000102296,8.79881E-05,0.000118287,0.000100053,0.000120133,4.21E-05,7.69491E-05,3.75747E-05,0.000121605,0.000135213,0.000103502,0.000139491,0.000109228,0.000119548,0.000117372,-6.2214E-06,0.000131364,0.000126037,
,-6.28152E-07,-6.74191E-06,7.80378E-06,-1.00154E-05,3.99384E-06,-5.4634E-06,8.21829E-06,1.1819E-05,-4.41138E-06,1.39655E-05,-6.98717E-06,-6.56406E-07,-4.38855E-06,-4.35643E-06,-2.92209E-06,2.8736E-06,-5.81119E-06,-2.23256E-06,-1.05056E-08,5.79483E-06,2.49065E-06,7.70758E-06,3.75139E-07,1.05935E-06,-9.33044E-06,-1.63216E-06,4.51761E-08,-4.3388E-06,-7.22237E-06,-5.50824E-06,3.20916E-05,-6.83105E-06,-6.36571E-06,-7.46965E-06,-7.51026E-06,-4.2874E-06,-4.28583E-06,7.96295E-06,7.48565E-06,1.90398E-06,-4.96205E-06,5.32362E-06,-5.00927E-06,9.93168E-07,8.83236E-06,-8.96703E-06,-4.90965E-06,-7.77286E-06,1.23369E-05,1.17923E-05,9.45675E-06,1.30824E-05,1.10422E-05,1.04967E-05,1.21721E-05,-3.63213E-06,-5.69734E-06,1.10954E-05,7.19534E-06,6.06154E-06,6.23881E-06,-4.51278E-06,-1.17588E-06,4.28739E-06,6.65904E-06,-3.55706E-06,-5.9458E-07,-9.40452E-06,-5.45369E-06,-4.83145E-06,1.08019E-05,-5.33942E-07,8.79363E-08,-6.30084E-06,-6.93623E-06,-5.98242E-06,-9.37288E-06,-3.12394E-06,-7.76247E-06,-7.37888E-06,1.33783E-05,-1.12367E-05,-8.65158E-06,
,6.70771E-05,0.000148602,3.02183E-05,0.000156792,6.25554E-05,0.000136424,7.54003E-05,-4.63729E-06,0.000128091,-7.1661E-06,0.000142599,7.16694E-05,0.00013159,0.000133958,4.96919E-05,5.72815E-05,0.000154594,8.85343E-05,7.42824E-05,5.05743E-05,9.31169E-05,3.77378E-05,0.000127755,8.91372E-05,0.000182079,0.000115218,0.000117867,8.11022E-05,0.000163326,0.000119278,-6.83105E-06,0.0002003,0.000146233,0.000157111,0.000182962,0.000130351,0.000156365,4.07164E-05,4.35908E-05,8.71173E-05,0.000147014,2.52615E-05,0.000157599,5.77481E-05,4.01623E-05,0.000154772,0.000143891,0.000140852,-6.45722E-06,-6.13727E-06,4.15409E-05,-6.98647E-06,-4.40525E-06,-7.66208E-06,1.1276E-05,0.000134844,0.000116104,-6.21313E-06,2.74271E-05,5.87561E-05,3.55697E-05,0.000135574,6.00061E-05,1.32676E-05,4.94944E-05,0.000120528,0.000116768,0.000179462,0.000147743,0.000154789,4.10331E-05,0.000111396,5.56858E-05,0.000142976,0.000164065,0.00015528,0.000200754,0.000124083,0.00016368,0.000166876,-7.24707E-06,0.000187756,0.000180567,
,6.23668E-05,0.000128512,2.7419E-05,0.000134335,5.37324E-05,0.000137414,6.14432E-05,-4.19397E-06,0.00012032,-6.7787E-06,0.00012278,6.5859E-05,0.00012997,0.00013315,4.90715E-05,5.73E-05,0.000136272,9.86444E-05,6.44176E-05,4.02527E-05,8.61803E-05,3.4989E-05,0.000136509,9.49296E-05,0.000159054,9.50299E-05,0.000104309,7.83766E-05,0.000140595,0.000118447,-6.36571E-06,0.000146233,0.00018558,0.000138638,0.000165521,0.000111992,0.000158497,4.3402E-05,3.9147E-05,7.59857E-05,0.000143166,2.03076E-05,0.00014818,5.55245E-05,3.14539E-05,0.000154502,0.000139357,0.000141424,-5.56218E-06,-6.53188E-06,3.96527E-05,-8.53762E-06,-5.62218E-06,-7.56288E-06,1.06524E-05,0.000113837,0.000107839,-7.1398E-06,2.12674E-05,6.80789E-05,3.26887E-05,0.000130082,5.53915E-05,1.02731E-05,4.11026E-05,0.000120666,0.000103801,0.000150168,0.000127013,0.000148072,3.95634E-05,9.77687E-05,5.63005E-05,0.00013938,0.000163101,0.000131955,0.000172656,0.000123856,0.000146534,0.000150202,-4.96036E-06,0.000169615,0.000160129,
,6.53764E-05,0.000141208,2.80776E-05,0.000149689,5.70275E-05,0.000136126,6.8307E-05,-2.41201E-06,0.000119314,-7.34153E-06,0.000138831,6.74602E-05,0.000124544,0.000126385,4.78337E-05,4.90363E-05,0.000148697,8.24575E-05,7.4244E-05,5.06507E-05,8.93692E-05,3.60039E-05,0.000121397,9.19125E-05,0.000173388,0.000110627,0.000107748,7.78562E-05,0.000157254,0.00010917,-7.46965E-06,0.000157111,0.000138638,0.000185797,0.000174815,0.000120136,0.000151106,3.48648E-05,3.95363E-05,8.60774E-05,0.000141573,2.34006E-05,0.000151343,5.91557E-05,3.80488E-05,0.000147222,0.000135459,0.000136068,-8.26845E-06,-3.79478E-06,3.69799E-05,-5.57773E-06,-5.20919E-06,-6.62139E-06,9.93409E-06,0.000125599,0.000112512,-5.13534E-06,2.15679E-05,6.04118E-05,3.52064E-05,0.00012994,5.94397E-05,1.19082E-05,4.2705E-05,0.000113743,0.000113188,0.000171944,0.000138356,0.000151513,3.73794E-05,0.000103331,5.63748E-05,0.000136012,0.000155862,0.000150209,0.000190813,0.000120262,0.0001552,0.000158771,-7.22442E-06,0.000182469,0.000172249,
,7.95982E-05,0.000169316,3.31829E-05,0.000174463,6.77088E-05,0.000156293,7.83285E-05,-6.76517E-06,0.000142055,-8.77454E-06,0.000160546,8.06366E-05,0.000149582,0.00015269,6.02858E-05,5.86181E-05,0.000170993,0.000105326,9.15923E-05,6.10385E-05,0.000108729,4.3293E-05,0.000146713,0.000108547,0.000202093,0.000128043,0.00013111,9.27771E-05,0.000180038,0.000135168,-7.51026E-06,0.000182962,0.000165521,0.000174815,0.000239531,0.000139627,0.00018156,4.653E-05,4.71049E-05,0.000100306,0.00016652,2.9161E-05,0.000180618,6.79485E-05,3.86001E-05,0.000177675,0.000167356,0.000160845,-8.27431E-06,-4.68052E-06,4.52584E-05,-8.79862E-06,-6.6149E-06,-8.2308E-06,1.11624E-05,0.000146867,0.000130849,-8.06796E-06,2.58644E-05,7.49222E-05,3.99909E-05,0.00015269,6.8915E-05,1.67464E-05,5.03319E-05,0.000136492,0.000137956,0.000197699,0.000164161,0.000176323,4.65117E-05,0.000127255,5.87077E-05,0.000165712,0.000183855,0.000171092,0.000230183,0.000142655,0.00018356,0.000189135,-7.06407E-06,0.000214626,0.000199738,
,7.08689E-05,0.000149963,2.56681E-05,0.000171154,7.87245E-05,0.000105134,8.46949E-05,-6.29403E-06,9.49588E-05,-4.285E-06,0.000111857,6.77608E-05,9.62532E-05,9.97619E-05,5.13982E-05,4.85573E-05,0.000117065,7.05593E-05,7.61391E-05,5.05257E-05,9.27665E-05,3.31222E-05,0.000100881,6.77544E-05,0.000154572,9.84694E-05,8.90795E-05,6.51207E-05,0.000139075,9.04131E-05,-4.2874E-06,0.000130351,0.000111992,0.000120136,0.000139627,0.000188426,0.000119767,3.05057E-05,4.19405E-05,8.51496E-05,0.000110507,2.87519E-05,0.00012017,5.0791E-05,4.03537E-05,0.000114847,0.000108994,0.000106293,-5.26735E-06,-4.60686E-06,3.6959E-05,-8.49038E-06,-4.8752E-06,-6.65667E-06,7.20297E-06,0.000142411,8.37168E-05,-7.53285E-06,3.50372E-05,4.6573E-05,3.21537E-05,0.000100135,6.75536E-05,1.44092E-05,5.20598E-05,9.0052E-05,0.000105281,0.000168189,0.000152689,0.000118915,3.56632E-05,0.000115724,4.8355E-05,0.00010708,0.000117508,0.000149134,0.000167983,9.21304E-05,0.000122439,0.000127635,-5.0816E-06,0.000155301,0.000140032,
,6.26227E-05,0.000137494,3.78155E-05,0.000140237,5.95938E-05,0.000158934,6.8292E-05,-2.79582E-06,0.000133385,-5.16741E-06,0.000136051,6.87919E-05,0.000155249,0.0001535,5.10735E-05,6.15787E-05,0.00015434,0.000110653,7.75492E-05,5.5222E-05,0.000102694,4.27311E-05,0.000164773,0.00011875,0.000166899,0.00011581,0.000118654,8.77365E-05,0.00015085,0.000135709,-4.28583E-06,0.000156365,0.000158497,0.000151106,0.00018156,0.000119767,0.000267165,5.28195E-05,5.14111E-05,9.29533E-05,0.000166527,2.10614E-05,0.000160891,7.34147E-05,3.90527E-05,0.000176973,0.000162959,0.000158273,-2.09768E-06,-2.10305E-06,4.79616E-05,-2.27064E-06,-4.39426E-06,-6.09563E-06,1.70157E-05,0.000120695,0.000116281,-5.31637E-06,2.09792E-05,8.28679E-05,3.96626E-05,0.000148941,5.91462E-05,1.18134E-05,4.54145E-05,0.000139494,0.000116732,0.000166735,0.000133928,0.000165134,4.95742E-05,0.000105922,5.63847E-05,0.000162088,0.000182445,0.000143395,0.000185692,0.000144936,0.000162898,0.000161166,-2.526E-06,0.000180556,0.000172317,
,3.41359E-05,3.01576E-05,4.28365E-05,2.59596E-05,4.32984E-05,4.42601E-05,4.25716E-05,6.30145E-06,4.51508E-05,1.13976E-05,3.60811E-05,3.2666E-05,5.58326E-05,4.96934E-05,2.25925E-05,3.30986E-05,4.09331E-05,5.83186E-05,6.54892E-05,2.16936E-05,8.01187E-05,4.47916E-05,6.92878E-05,5.10152E-05,3.50208E-05,4.44609E-05,3.54011E-05,2.08899E-05,3.33795E-05,4.17404E-05,7.96295E-06,4.07164E-05,4.3402E-05,3.48648E-05,4.653E-05,3.05057E-05,5.28195E-05,0.000130954,7.92996E-05,7.19949E-05,4.64048E-05,1.80314E-05,4.92247E-05,4.318E-05,8.83112E-05,5.40092E-05,4.83393E-05,4.60692E-05,9.2213E-06,1.02658E-05,8.65782E-05,9.97526E-06,9.74473E-06,8.32689E-06,8.37825E-05,3.03241E-05,3.78452E-05,1.19559E-05,2.21993E-05,8.40002E-05,7.20994E-05,5.0621E-05,3.1504E-05,7.61918E-06,8.04257E-05,4.4832E-05,3.84832E-05,2.69591E-05,3.84852E-05,4.46367E-05,9.39468E-05,4.32479E-05,2.31308E-05,4.90192E-05,5.94011E-05,2.66608E-05,2.8702E-05,4.40464E-05,4.54623E-05,3.80882E-05,1.08063E-05,3.91785E-05,4.08705E-05,
