,PORT VALUE,50000,,,,,,,,,,,,,,,,,,,,,,,,,,,,,,,,,,,,,,,,,,,,,,,,,,,,,,,,,,,,,,,,,,,,,,,,,,,,,,,,,,,,,,,,,
,AAPL,ABBV,ABT,ADM,ADP,AEO,AFL,AMD,AMZN,AOS,APD,APPF,AVGO,BABA,BDX,BEN,BMRN,BMY,CAH,CELG,CINF,CL,CLX,CMCSA,CTAS,CVS,CVX,DOV,ECL,ED,EMR,ETP,F,FCX,FOXA,FRT,GD,GE,GILD,GM,GOOG,GPC,GWW,HCP,HRL,IBM,INTC,IOVA,ITW,JNJ,JPM,KMB,KO,LEG,LMT,LOW,M,MA,MCD,MCHP,MCK,MDT,MKC,MMM,MSFT,MU,NAK,NFLX,NTDOY,NUE,NVDA,NWL,PEP,PFE,PX,PXD,QCOM,ROP,SLB,SYY,T,TJX,TROW,TSLA,TWTR,UNH,V,VZ,WMT,XOM,
,0.001413558,0.001252335,0.001145096,0.000284797,0.000968173,0.001036303,0.000499398,0.002492614,0.002165525,0.000711521,0.00036382,0.002788905,0.001080099,0.00194059,0.00095863,-0.000334782,0.000432818,0.000119441,-0.000639474,-0.000699443,-1.61172E-05,-1.11051E-05,0.000422573,8.95001E-05,0.001458746,-0.000115699,0.000430288,0.000730174,0.000553494,0.000273421,0.000691052,-0.000668184,-8.14316E-05,0.001010226,0.001561227,-0.000150474,0.00041182,-0.001794851,0.000131268,0.000565567,0.001080813,8.95406E-06,0.000933434,-0.000219349,0.000170335,-0.000172159,0.001083358,0.002147666,0.000410726,0.00024011,0.00086181,-0.000126177,0.000206342,-8.49891E-05,0.000421596,0.001021948,1.4287E-05,0.001664606,0.000768142,0.000990177,6.70074E-05,0.000247245,0.000713435,0.000431056,0.00137501,0.003015639,-0.000194204,0.00335608,0.001056641,0.000313007,0.002759901,-0.000939928,0.000173849,0.000408004,0.000897411,0.000318006,-0.000165237,0.0011156,-0.000327652,0.000700182,-0.000277226,0.000613035,0.001265337,0.001644612,0.002509937,0.001317106,0.001336172,0.000208571,0.000533875,-3.21895E-05,
,,,,,,,,,,,,,,,,,,,,,,,,,,,,,,,,,,,,,,,,,,,,,,,,,,,,,,,,,,,,,,,,,,,,,,,,,,,,,,,,,,,,,,,,,,,
,AAPL,ABBV,ABT,ADM,ADP,AEO,AFL,AMD,AMZN,AOS,APD,APPF,AVGO,BABA,BDX,BEN,BMRN,BMY,CAH,CELG,CINF,CL,CLX,CMCSA,CTAS,CVS,CVX,DOV,ECL,ED,EMR,ETP,F,FCX,FOXA,FRT,GD,GE,GILD,GM,GOOG,GPC,GWW,HCP,HRL,IBM,INTC,IOVA,ITW,JNJ,JPM,KMB,KO,LEG,LMT,LOW,M,MA,MCD,MCHP,MCK,MDT,MKC,MMM,MSFT,MU,NAK,NFLX,NTDOY,NUE,NVDA,NWL,PEP,PFE,PX,PXD,QCOM,ROP,SLB,SYY,T,TJX,TROW,TSLA,TWTR,UNH,V,VZ,WMT,XOM,
,0.000151072,3.86182E-05,4.33026E-05,2.03208E-05,3.04524E-05,2.66847E-05,1.5055E-05,0.000135504,8.87888E-05,5.41847E-05,4.78668E-05,7.31281E-05,0.000117193,9.32578E-05,4.01018E-05,4.62974E-05,6.39972E-05,2.49997E-05,3.10126E-05,4.52129E-05,1.62542E-05,1.16404E-05,2.81529E-05,4.31285E-05,3.63505E-05,2.33162E-05,3.17277E-05,4.53077E-05,2.85783E-05,2.29877E-06,5.2156E-05,5.47192E-05,4.30295E-05,8.62518E-05,3.39832E-05,1.31093E-05,3.3812E-05,2.1885E-05,3.2763E-05,4.81651E-05,8.87329E-05,2.6845E-05,2.81688E-05,8.08635E-06,2.25616E-05,3.79544E-05,8.13894E-05,6.49793E-05,5.00381E-05,2.57001E-05,5.03594E-05,2.26641E-05,1.81493E-05,4.4162E-05,3.26334E-05,4.45994E-05,1.18528E-05,7.39664E-05,3.75944E-05,0.000100607,2.97998E-05,3.97514E-05,2.22544E-05,4.68028E-05,8.28398E-05,0.000144649,8.78178E-05,0.000103114,5.73302E-05,5.3174E-05,0.00013067,7.24802E-05,1.94899E-05,1.96793E-05,5.64647E-05,3.50148E-05,8.45123E-05,4.60398E-05,3.8897E-05,2.72462E-05,2.02404E-05,1.15152E-05,4.80111E-05,0.000100647,7.87918E-05,4.20089E-05,6.59732E-05,7.50867E-06,2.7447E-05,3.21014E-05,
,3.86182E-05,0.000287674,8.37143E-05,3.27876E-05,4.41221E-05,4.60379E-05,4.64266E-05,0.000114444,6.49639E-05,6.25176E-05,4.43222E-05,5.91842E-05,4.36302E-05,7.466E-05,6.66983E-05,5.74101E-05,0.000104917,7.88095E-05,7.27038E-05,9.99082E-05,4.07472E-05,1.30495E-05,1.83263E-05,4.61559E-05,5.6202E-05,6.07189E-05,3.7535E-05,3.94823E-05,4.22533E-05,1.00105E-05,5.89438E-05,4.22033E-05,3.82678E-05,5.15518E-05,2.34762E-05,3.05278E-05,3.19384E-05,3.31068E-05,9.96844E-05,3.4857E-05,7.99367E-05,4.46703E-05,3.61281E-05,1.55579E-05,3.48366E-05,5.90145E-05,0.000101783,0.000109846,6.04807E-05,7.33401E-05,5.45913E-05,3.09922E-05,2.99153E-05,5.30513E-05,4.60288E-05,5.50173E-05,5.51199E-05,7.12874E-05,3.5647E-05,7.2436E-05,7.32078E-05,6.98809E-05,4.79891E-05,7.09962E-05,7.22803E-05,9.84001E-05,3.17219E-05,6.55509E-05,3.40237E-05,6.14467E-05,9.37214E-05,5.6131E-05,2.63148E-05,7.44467E-05,6.78428E-05,3.95085E-05,7.27524E-05,6.00906E-05,4.63301E-05,3.53905E-05,3.44484E-05,2.91918E-05,7.19885E-05,6.62371E-05,9.19652E-05,6.82212E-05,6.79255E-05,3.54911E-05,4.12718E-05,4.39377E-05,
,4.33026E-05,8.37143E-05,0.000115595,2.76773E-05,3.84476E-05,4.01077E-05,3.31876E-05,9.16205E-05,5.58286E-05,5.70661E-05,5.12056E-05,3.01875E-05,5.09991E-05,5.79675E-05,6.82311E-05,5.95959E-05,7.2887E-05,4.4255E-05,4.97161E-05,5.23362E-05,4.44105E-05,2.16695E-05,2.00396E-05,3.78701E-05,4.48547E-05,5.08784E-05,2.76774E-05,4.88787E-05,3.9721E-05,1.47717E-05,5.18981E-05,3.61205E-05,3.72918E-05,7.23047E-05,3.58136E-05,2.00621E-05,4.72366E-05,3.63838E-05,6.3096E-05,3.95056E-05,6.53519E-05,4.37016E-05,6.21457E-05,1.44872E-05,2.70447E-05,4.64632E-05,6.64311E-05,8.51417E-05,5.39968E-05,5.25615E-05,4.97809E-05,2.82043E-05,2.60729E-05,5.15597E-05,3.66542E-05,4.16606E-05,5.02794E-05,5.68014E-05,2.84379E-05,5.98909E-05,4.53697E-05,7.36686E-05,3.63204E-05,5.57353E-05,6.35712E-05,7.91832E-05,8.2809E-06,7.31107E-05,2.64178E-05,4.97221E-05,8.12057E-05,3.38697E-05,2.37662E-05,4.56607E-05,5.85497E-05,3.04645E-05,6.11481E-05,5.44651E-05,3.40954E-05,3.58919E-05,2.65793E-05,2.49693E-05,5.48081E-05,5.81417E-05,4.14662E-05,4.57394E-05,5.62791E-05,3.91254E-05,3.25029E-05,3.21762E-05,
,2.03208E-05,3.27876E-05,2.76773E-05,0.000137179,3.41986E-05,4.76002E-05,2.57522E-05,7.88065E-05,2.31115E-05,3.84824E-05,3.41373E-05,1.06758E-05,1.67554E-05,1.56989E-05,2.15243E-05,5.12727E-05,4.35371E-05,3.02703E-05,4.90646E-05,3.32783E-05,3.56677E-05,2.70412E-05,3.08885E-05,4.15578E-05,3.07703E-05,6.11825E-05,4.08242E-05,4.59649E-05,3.36831E-05,1.04645E-05,4.09411E-05,2.99213E-05,4.52077E-05,4.41362E-05,2.72089E-05,2.33515E-05,2.31984E-05,3.61503E-05,4.35898E-05,4.29178E-05,2.77227E-05,3.37766E-05,3.11161E-05,1.56972E-05,3.09953E-05,3.22531E-05,3.68539E-05,7.91894E-05,3.56344E-05,2.94096E-05,4.38767E-05,3.31369E-05,2.40422E-05,3.77092E-05,1.61888E-05,3.47082E-05,4.8699E-05,2.30502E-05,8.46319E-06,2.3107E-05,4.38349E-05,2.31551E-05,3.2274E-05,2.92368E-05,3.7852E-05,2.26578E-05,3.06391E-05,3.88304E-05,2.90724E-05,4.33193E-05,4.23775E-05,6.00464E-05,2.45128E-05,2.77083E-05,3.56581E-05,3.3347E-05,3.77131E-05,2.58496E-05,4.20496E-05,3.19814E-05,3.29826E-05,2.69817E-05,4.59574E-05,2.87864E-05,3.35995E-07,2.39379E-05,2.20635E-05,3.77501E-05,3.08277E-05,3.08291E-05,
,3.04524E-05,4.41221E-05,3.84476E-05,3.41986E-05,0.000153412,4.95386E-05,3.97205E-05,5.32572E-05,4.48607E-05,5.17114E-05,4.63171E-05,4.29255E-05,3.56363E-05,4.9143E-05,3.88229E-05,4.46822E-05,4.59808E-05,2.42354E-05,3.82877E-05,3.10747E-05,4.11117E-05,1.99324E-05,2.47245E-05,5.19423E-05,6.16872E-05,3.46752E-05,3.35541E-05,4.99565E-05,3.73411E-05,2.58915E-05,4.85804E-05,3.14558E-05,4.30806E-05,5.41178E-05,6.14024E-05,3.39355E-05,3.32545E-05,2.7402E-05,4.81693E-05,4.8111E-05,5.33065E-05,4.78471E-05,2.91366E-05,2.14427E-05,3.34554E-05,4.2622E-05,6.94948E-05,5.61699E-05,5.80875E-05,3.62441E-05,4.68969E-05,2.20442E-05,3.12047E-05,3.89335E-05,3.28133E-05,7.0304E-05,6.3956E-05,5.41745E-05,2.733E-05,5.55144E-05,2.91788E-05,3.64733E-05,3.17368E-05,5.08896E-05,6.39171E-05,6.88139E-05,-3.35612E-05,5.19514E-05,3.87147E-05,6.32648E-05,6.30136E-05,4.46E-05,3.27957E-05,3.28402E-05,4.76318E-05,2.93016E-05,5.20523E-05,4.63626E-05,3.00125E-05,3.86099E-05,4.20909E-05,3.70355E-05,5.53968E-05,4.37959E-05,6.42302E-06,3.9955E-05,4.68759E-05,5.26075E-05,3.05872E-05,3.28035E-05,
,2.66847E-05,4.60379E-05,4.01077E-05,4.76002E-05,4.95386E-05,0.000610181,2.83716E-05,6.46883E-05,1.96111E-05,5.22409E-05,4.47944E-05,8.35122E-05,3.09188E-05,7.11913E-05,9.43461E-06,7.58519E-05,6.58918E-05,1.64411E-05,4.53864E-05,1.98489E-05,4.77525E-05,-1.12853E-05,7.16032E-06,4.46628E-05,4.59626E-05,5.5968E-05,5.56188E-05,4.31408E-05,2.79935E-05,-6.28636E-06,4.71235E-05,2.15034E-05,9.56246E-05,0.000116898,7.71334E-05,4.52224E-05,2.56485E-05,6.13597E-05,5.75758E-05,0.000101961,3.74213E-05,8.82982E-05,7.18848E-05,-1.27797E-06,4.37496E-05,4.03368E-05,7.02673E-05,0.00015221,4.56776E-05,2.38927E-06,7.62042E-05,8.61887E-06,2.88116E-06,8.19004E-05,2.62597E-05,6.33686E-05,0.000324946,2.79684E-05,-1.50238E-05,5.11929E-05,4.83664E-05,-3.19292E-06,2.51232E-05,1.60679E-05,4.52737E-05,6.42782E-05,-1.9487E-05,5.06517E-05,3.18536E-05,0.000121498,7.82094E-05,4.16727E-05,9.77577E-06,2.7399E-05,5.36453E-05,3.35149E-05,3.29246E-05,3.65833E-05,2.03239E-05,4.24384E-05,6.34644E-05,0.000118386,7.72957E-05,6.80538E-05,0.000112254,2.24767E-05,2.92802E-05,6.62997E-05,5.04309E-05,2.32558E-05,
,1.5055E-05,4.64266E-05,3.31876E-05,2.57522E-05,3.97205E-05,2.83716E-05,8.10929E-05,1.8363E-05,1.89795E-05,4.52408E-05,3.78665E-05,2.62389E-05,1.89151E-05,3.35694E-05,2.80225E-05,5.14119E-05,4.18408E-05,2.26396E-05,3.37448E-05,2.98754E-05,4.38088E-05,1.59218E-05,1.49073E-05,3.42035E-05,3.60536E-05,3.58605E-05,3.24594E-05,3.74727E-05,2.72514E-05,9.7825E-06,4.5451E-05,3.61648E-05,3.26076E-05,4.66433E-05,3.32759E-05,1.79567E-05,2.83727E-05,2.79014E-05,3.68328E-05,3.82709E-05,3.15581E-05,3.17958E-05,3.66767E-05,1.32998E-05,2.23314E-05,3.91481E-05,4.93403E-05,4.3934E-05,4.22969E-05,3.0503E-05,4.68761E-05,1.75448E-05,1.78647E-05,2.96202E-05,2.38838E-05,3.21908E-05,4.74376E-05,3.61433E-05,2.2359E-05,3.52392E-05,2.80994E-05,3.04623E-05,1.74284E-05,3.96418E-05,3.6773E-05,3.61192E-05,-5.39116E-06,3.376E-05,2.12551E-05,5.15906E-05,4.67545E-05,2.92651E-05,1.55464E-05,3.43507E-05,3.79639E-05,3.61983E-05,4.36265E-05,3.66083E-05,3.0674E-05,2.57828E-05,2.18281E-05,2.24067E-05,5.00539E-05,4.2043E-05,7.64019E-07,3.03046E-05,3.36235E-05,2.85872E-05,2.48143E-05,3.027E-05,
,0.000135504,0.000114444,9.16205E-05,7.88065E-05,5.32572E-05,6.46883E-05,1.8363E-05,0.001204568,0.000156435,0.000127425,4.79685E-05,0.000173554,0.000189403,0.000232451,8.37383E-05,0.000110289,0.000206815,5.10439E-05,6.67361E-05,0.000145792,3.91357E-05,6.82185E-07,3.63585E-05,2.72419E-05,9.70201E-05,5.91731E-05,6.27823E-05,6.0887E-05,6.45601E-05,-1.70882E-05,8.1186E-05,7.60317E-05,8.04057E-05,0.00019553,3.59924E-05,9.31534E-06,5.0762E-05,7.27535E-05,8.70026E-05,0.000106302,0.000145101,5.1792E-06,2.11243E-06,1.23107E-05,-3.64867E-07,8.30281E-05,0.000139225,0.000146253,5.41098E-05,3.7632E-05,0.000100069,2.49305E-05,1.73086E-05,8.28602E-05,5.21475E-05,4.22322E-05,1.49491E-06,0.000109486,5.8215E-05,0.000232291,4.05139E-05,6.22328E-05,1.63587E-05,6.61433E-05,0.000133936,0.0003647,0.000119779,0.000206434,0.000104249,0.000138788,0.00046829,6.69452E-05,1.64871E-05,5.21932E-05,8.20379E-05,8.38538E-05,0.000147505,8.38197E-05,4.14985E-05,1.01797E-05,1.59941E-05,-2.88466E-05,8.78725E-05,0.000230231,0.000178548,7.0071E-05,0.000107343,7.92294E-06,2.61805E-05,4.77968E-05,
,8.87888E-05,6.49639E-05,5.58286E-05,2.31115E-05,4.48607E-05,1.96111E-05,1.89795E-05,0.000156435,0.000214323,5.67605E-05,4.29007E-05,7.74219E-05,0.000111402,0.000127225,4.31615E-05,5.00564E-05,7.87911E-05,1.80903E-05,1.78916E-05,4.88298E-05,-5.40077E-06,1.96425E-06,-4.65783E-06,3.25235E-05,5.2708E-05,1.15639E-06,1.83277E-05,4.87329E-05,3.34599E-05,6.06241E-06,5.1696E-05,4.86269E-05,2.81687E-05,7.81023E-05,4.16788E-05,1.09623E-05,3.11282E-05,1.69986E-05,4.93778E-05,2.87012E-05,0.000117636,2.53832E-05,3.31205E-05,1.52167E-05,1.55908E-05,3.88811E-05,0.000107525,7.62673E-05,5.26992E-05,2.39018E-05,4.34073E-05,7.41125E-06,1.96878E-05,4.75054E-05,3.65455E-05,4.54897E-05,-5.30304E-06,8.36563E-05,3.45128E-05,0.000110035,1.03106E-05,4.92996E-05,2.6718E-05,5.5353E-05,0.000115433,0.000142211,7.12517E-05,0.000167385,6.09607E-05,5.77002E-05,0.000154219,7.08668E-05,1.28274E-05,2.191E-05,5.24831E-05,5.08651E-05,8.58495E-05,6.0039E-05,3.2792E-05,2.39121E-05,1.61883E-06,8.26882E-06,4.86179E-05,0.000124621,0.000105939,4.11146E-05,7.31357E-05,9.65393E-06,1.60731E-05,2.095E-05,
,5.41847E-05,6.25176E-05,5.70661E-05,3.84824E-05,5.17114E-05,5.22409E-05,4.52408E-05,0.000127425,5.67605E-05,0.000132223,6.35734E-05,7.15716E-05,6.60045E-05,7.99971E-05,5.1272E-05,7.33559E-05,6.54779E-05,3.15753E-05,4.69976E-05,4.48494E-05,5.75548E-05,2.2663E-05,2.96375E-05,4.36586E-05,6.26342E-05,5.7619E-05,4.65226E-05,8.05261E-05,5.19477E-05,6.44603E-06,7.7653E-05,4.50247E-05,7.09733E-05,0.000106496,3.32182E-05,2.4946E-05,6.10622E-05,4.85842E-05,5.1105E-05,7.19913E-05,7.52606E-05,5.3458E-05,6.27877E-05,6.83775E-06,3.23039E-05,4.75401E-05,7.76727E-05,7.6644E-05,8.23245E-05,4.09535E-05,6.94222E-05,2.66943E-05,2.7453E-05,7.31413E-05,5.54829E-05,7.96678E-05,5.74746E-05,6.80389E-05,4.09473E-05,7.65676E-05,4.84061E-05,4.34092E-05,3.0267E-05,7.22552E-05,7.82701E-05,0.000108971,5.39514E-05,8.94288E-05,6.03599E-05,8.49914E-05,0.000108616,5.23748E-05,2.25608E-05,3.93003E-05,7.37777E-05,5.03332E-05,7.04782E-05,7.49546E-05,4.34945E-05,3.93779E-05,3.00534E-05,2.97996E-05,7.59586E-05,7.79976E-05,5.65002E-05,5.16277E-05,6.86122E-05,2.8785E-05,3.35255E-05,3.9636E-05,
,4.78668E-05,4.43222E-05,5.12056E-05,3.41373E-05,4.63171E-05,4.47944E-05,3.78665E-05,4.79685E-05,4.29007E-05,6.35734E-05,9.83628E-05,3.09319E-05,4.9016E-05,5.09292E-05,3.88905E-05,5.65586E-05,3.65502E-05,1.52265E-05,4.33037E-05,1.53276E-05,4.75999E-05,3.11604E-05,2.91319E-05,4.20093E-05,5.43956E-05,3.43994E-05,5.11762E-05,6.53457E-05,4.2364E-05,9.45585E-06,6.67741E-05,5.23881E-05,4.47237E-05,8.23678E-05,3.32525E-05,3.0595E-05,4.06846E-05,4.30221E-05,3.26843E-05,5.3496E-05,5.87586E-05,5.02944E-05,6.01483E-05,1.00342E-05,3.1071E-05,4.57438E-05,5.26143E-05,6.5434E-05,5.99795E-05,3.63427E-05,5.97195E-05,2.65698E-05,2.16186E-05,5.43233E-05,3.08336E-05,6.11778E-05,5.57442E-05,5.63588E-05,3.28564E-05,5.67809E-05,3.23089E-05,3.9555E-05,2.97614E-05,5.16072E-05,5.56595E-05,6.11639E-05,3.94132E-05,5.83064E-05,3.52884E-05,7.05251E-05,7.27387E-05,4.80791E-05,2.14242E-05,2.8016E-05,8.25226E-05,5.81197E-05,5.76567E-05,5.18137E-05,5.07493E-05,3.93406E-05,2.90529E-05,2.87898E-05,5.52649E-05,5.73461E-05,5.82452E-05,4.10864E-05,5.13653E-05,3.15039E-05,2.75117E-05,4.11373E-05,
,7.31281E-05,5.91842E-05,3.01875E-05,1.06758E-05,4.29255E-05,8.35122E-05,2.62389E-05,0.000173554,7.74219E-05,7.15716E-05,3.09319E-05,0.000407544,9.33497E-05,0.000118565,3.10239E-05,5.45618E-05,6.47536E-05,1.31005E-05,3.02418E-05,6.29055E-05,2.96744E-05,-3.65921E-06,4.36344E-06,3.25882E-05,6.03394E-05,8.1306E-06,2.75299E-05,4.3374E-05,2.69151E-05,-3.32234E-06,5.65647E-05,2.5196E-05,3.00745E-05,8.65164E-05,3.30498E-05,1.53361E-05,3.98611E-05,1.51107E-05,3.5926E-05,5.63008E-05,9.15157E-05,3.80961E-05,1.66612E-05,6.43671E-06,-2.34609E-06,1.58769E-05,6.17385E-05,0.000201467,5.78196E-05,1.79882E-05,4.63523E-05,1.45276E-07,9.48021E-06,4.11707E-05,3.79351E-05,3.881E-05,4.24206E-05,8.50833E-05,2.29227E-05,0.000102664,1.61608E-05,2.35694E-05,-3.80147E-06,4.76054E-05,8.55819E-05,0.000127764,0.000118922,0.000110336,6.16779E-05,7.47827E-05,0.000162706,4.40058E-05,-9.09616E-07,2.08905E-05,3.85327E-05,3.25782E-05,4.1832E-05,4.84516E-05,1.68829E-05,3.17665E-05,1.31008E-05,3.09149E-05,6.08004E-05,9.3541E-05,6.65918E-05,2.97169E-05,6.50818E-05,3.6216E-06,2.63272E-05,2.72888E-05,
,0.000117193,4.36302E-05,5.09991E-05,1.67554E-05,3.56363E-05,3.09188E-05,1.89151E-05,0.000189403,0.000111402,6.60045E-05,4.9016E-05,9.33497E-05,0.000271274,0.000129092,4.48513E-05,6.22886E-05,9.52568E-05,1.70391E-05,4.86034E-05,6.65503E-05,1.78368E-05,1.37622E-05,1.96392E-05,4.59528E-05,5.47479E-05,2.74107E-05,2.57137E-05,4.40651E-05,3.3156E-05,1.09773E-05,5.66911E-05,4.9042E-05,5.25788E-05,9.88898E-05,3.28976E-05,1.53211E-05,3.70543E-05,3.0706E-05,5.18883E-05,6.51091E-05,0.000104235,2.85324E-05,3.58482E-06,1.94601E-05,2.71642E-05,4.32578E-05,0.00010384,7.59525E-05,6.3569E-05,3.04365E-05,4.22016E-05,2.10258E-05,2.72315E-05,5.22646E-05,3.19575E-05,4.00315E-05,-6.65464E-06,8.00645E-05,4.22134E-05,0.000148018,3.73171E-05,4.29523E-05,3.48229E-05,5.71861E-05,0.000101032,0.000183824,3.58789E-05,0.000127868,9.55418E-05,7.26046E-05,0.000187611,9.72473E-05,2.94815E-05,2.48219E-05,6.94571E-05,2.08925E-05,0.000121892,5.34519E-05,1.69006E-05,2.78165E-05,1.29302E-05,3.63769E-06,4.93291E-05,0.000133892,7.26863E-05,4.68874E-05,7.45009E-05,8.22587E-06,2.27205E-05,2.31011E-05,
,9.32578E-05,7.466E-05,5.79675E-05,1.56989E-05,4.9143E-05,7.11913E-05,3.35694E-05,0.000232451,0.000127225,7.99971E-05,5.09292E-05,0.000118565,0.000129092,0.000327473,4.91635E-05,7.11799E-05,9.82236E-05,3.52269E-05,4.32021E-05,6.63189E-05,2.25109E-05,-1.44564E-05,2.26243E-06,3.89287E-05,5.74103E-05,2.90081E-05,3.342E-05,5.4252E-05,2.47826E-05,-9.96383E-07,6.31008E-05,5.15225E-05,5.32245E-05,0.000139472,4.31274E-05,1.12428E-05,4.57174E-05,4.27449E-05,5.89169E-05,5.76201E-05,0.000121193,2.51315E-05,4.03477E-05,1.70803E-05,1.12185E-05,5.97891E-05,0.000113369,0.000114299,5.24516E-05,1.73588E-05,6.09935E-05,4.5214E-06,1.07544E-05,4.48538E-05,3.89703E-05,4.37567E-05,1.51895E-05,9.14259E-05,3.98588E-05,0.000139796,3.57864E-05,5.81198E-05,2.32962E-05,5.82522E-05,0.000109237,0.000194686,0.000136592,0.000166014,9.21693E-05,8.88425E-05,0.000232675,7.10969E-05,1.86373E-06,3.05066E-05,6.50982E-05,3.78736E-05,9.45471E-05,6.30376E-05,2.92152E-05,1.6836E-05,5.10504E-06,6.59222E-06,6.51445E-05,0.000130278,0.000139143,4.05648E-05,9.00084E-05,7.60506E-06,2.59038E-05,2.13613E-05,
,4.01018E-05,6.66983E-05,6.82311E-05,2.15243E-05,3.88229E-05,9.43461E-06,2.80225E-05,8.37383E-05,4.31615E-05,5.1272E-05,3.88905E-05,3.10239E-05,4.48513E-05,4.91635E-05,0.000123805,4.01248E-05,4.91645E-05,3.78962E-05,4.80987E-05,4.26545E-05,4.03882E-05,1.72844E-05,2.11629E-05,3.23812E-05,4.09069E-05,4.78501E-05,2.46604E-05,3.73095E-05,3.44497E-05,1.90006E-05,3.89437E-05,3.30506E-05,2.6395E-05,4.81683E-05,2.86164E-05,2.93975E-05,4.5525E-05,2.9665E-05,5.48977E-05,3.35294E-05,6.2166E-05,3.20128E-05,4.52298E-05,2.31241E-05,3.35042E-05,3.98847E-05,5.64057E-05,6.36867E-05,4.88913E-05,4.97605E-05,3.59077E-05,2.06611E-05,2.45423E-05,3.49522E-05,3.40983E-05,3.44404E-05,1.02995E-05,5.27969E-05,3.42992E-05,5.44593E-05,4.02539E-05,6.59138E-05,3.01846E-05,5.31645E-05,6.44514E-05,6.89521E-05,-3.90024E-07,6.56822E-05,3.50506E-05,3.92603E-05,7.12831E-05,-1.42071E-05,2.29825E-05,4.50347E-05,5.09803E-05,1.15034E-05,5.93782E-05,4.30993E-05,2.54845E-05,3.31186E-05,1.65563E-05,1.70439E-05,4.6593E-05,2.96499E-05,1.02699E-05,5.172E-05,5.68469E-05,2.54416E-05,2.91126E-05,3.1275E-05,
,4.62974E-05,5.74101E-05,5.95959E-05,5.12727E-05,4.46822E-05,7.58519E-05,5.14119E-05,0.000110289,5.00564E-05,7.33559E-05,5.65586E-05,5.45618E-05,6.22886E-05,7.11799E-05,4.01248E-05,0.000178168,7.2281E-05,3.55423E-05,6.28564E-05,5.07445E-05,6.85948E-05,1.71503E-05,1.96428E-05,5.44841E-05,5.55972E-05,5.1691E-05,6.0787E-05,7.88296E-05,4.64022E-05,-3.7519E-06,7.80343E-05,4.94113E-05,7.69407E-05,0.000118693,5.80014E-05,2.05768E-05,4.41054E-05,4.62513E-05,5.52262E-05,7.84066E-05,5.84718E-05,6.10896E-05,5.57692E-05,2.35839E-06,3.41012E-05,6.30396E-05,7.43233E-05,4.29024E-05,7.31092E-05,3.82658E-05,9.23508E-05,2.74175E-05,2.14379E-05,6.26516E-05,3.49746E-05,7.34808E-05,8.9515E-05,5.61433E-05,2.39141E-05,8.7607E-05,6.61109E-05,4.14996E-05,2.68473E-05,5.53641E-05,5.91619E-05,9.17539E-05,4.11334E-05,7.57082E-05,4.80267E-05,9.2119E-05,8.62174E-05,5.82031E-05,1.68914E-05,4.31482E-05,7.05336E-05,6.8971E-05,7.83296E-05,6.62489E-05,5.29293E-05,4.58943E-05,3.61807E-05,4.11162E-05,0.000116811,7.64446E-05,2.10475E-05,5.79908E-05,5.33089E-05,3.60159E-05,3.24459E-05,4.97598E-05,
,6.39972E-05,0.000104917,7.2887E-05,4.35371E-05,4.59808E-05,6.58918E-05,4.18408E-05,0.000206815,7.87911E-05,6.54779E-05,3.65502E-05,6.47536E-05,9.52568E-05,9.82236E-05,4.91645E-05,7.2281E-05,0.000344166,7.47776E-05,7.61222E-05,0.000132016,4.67E-05,1.01229E-05,1.51588E-05,4.84603E-05,5.45784E-05,6.40577E-05,1.74988E-05,3.88689E-05,4.02834E-05,-5.7677E-06,5.42292E-05,4.63795E-05,5.18132E-05,6.86666E-05,4.48337E-05,1.74922E-05,3.94944E-05,3.7345E-05,0.000107576,4.21851E-05,9.42304E-05,4.23229E-05,2.91547E-05,-4.18765E-07,3.69224E-05,3.53802E-05,9.4245E-05,0.000182921,5.78292E-05,4.30204E-05,6.75471E-05,2.18891E-05,2.05955E-05,5.51087E-05,3.48829E-05,5.05172E-05,5.14742E-05,5.9118E-05,2.12581E-05,0.000105366,6.94964E-05,7.15349E-05,2.52265E-05,5.82133E-05,7.62952E-05,0.000108382,-8.94131E-06,0.000113213,3.01429E-05,7.55603E-05,0.000143782,4.04421E-05,2.16226E-05,5.77681E-05,5.01414E-05,2.6818E-05,8.44914E-05,6.27828E-05,3.46893E-05,3.38091E-05,2.79279E-05,1.72214E-05,6.68652E-05,9.02405E-05,8.08065E-05,5.08263E-05,6.15274E-05,2.24552E-05,2.99325E-05,1.98374E-05,
,2.49997E-05,7.88095E-05,4.4255E-05,3.02703E-05,2.42354E-05,1.64411E-05,2.26396E-05,5.10439E-05,1.80903E-05,3.15753E-05,1.52265E-05,1.31005E-05,1.70391E-05,3.52269E-05,3.78962E-05,3.55423E-05,7.47776E-05,0.000213317,6.64015E-05,9.21414E-05,3.34166E-05,1.77965E-05,2.05927E-05,2.70149E-05,2.48154E-05,4.18359E-05,1.56302E-05,1.60903E-05,2.05087E-05,1.42078E-05,2.35719E-05,-6.26227E-06,2.98905E-05,2.31521E-05,1.68714E-05,1.65264E-05,3.47201E-05,1.86179E-05,6.93487E-05,2.70149E-05,2.68426E-05,1.96185E-05,1.36092E-05,1.85977E-05,2.6365E-05,1.63286E-05,3.525E-05,7.53445E-05,2.98389E-05,4.55238E-05,3.02634E-05,2.47073E-05,1.60018E-05,5.79749E-06,2.64171E-05,3.50788E-05,3.05292E-05,3.25548E-05,2.15061E-05,3.12919E-05,5.99147E-05,4.02358E-05,1.44839E-05,3.26355E-05,3.17737E-05,3.47605E-05,-9.7098E-06,4.29649E-05,2.24676E-05,2.04807E-05,4.85949E-05,3.85706E-05,1.69935E-05,5.12687E-05,1.89952E-05,2.04037E-05,5.13744E-05,3.55274E-05,2.16309E-05,2.47802E-05,1.50338E-05,1.61734E-05,4.32121E-05,5.43136E-05,3.16826E-05,2.5749E-05,3.09278E-05,2.16845E-05,3.08608E-05,1.18782E-05,
,3.10126E-05,7.27038E-05,4.97161E-05,4.90646E-05,3.82877E-05,4.53864E-05,3.37448E-05,6.67361E-05,1.78916E-05,4.69976E-05,4.33037E-05,3.02418E-05,4.86034E-05,4.32021E-05,4.80987E-05,6.28564E-05,7.61222E-05,6.64015E-05,0.000366627,0.000100379,4.23355E-05,2.61335E-05,1.70935E-05,5.57829E-05,3.04421E-05,0.000122751,4.02719E-05,2.38561E-05,3.01424E-05,1.70221E-05,3.85824E-05,4.76183E-05,6.25106E-05,7.45804E-05,3.8355E-05,1.5134E-05,2.08342E-05,5.37223E-05,9.12183E-05,5.70358E-05,4.36345E-05,4.42642E-05,8.52878E-05,6.17334E-06,3.50839E-05,3.94041E-05,4.02203E-05,7.52601E-05,3.30584E-05,5.5709E-05,5.21E-05,2.91592E-05,2.35469E-05,5.59152E-05,7.83828E-06,6.10586E-05,8.70143E-05,2.18556E-05,1.56493E-05,3.87637E-05,0.00020385,5.10085E-05,2.20223E-05,3.21356E-05,3.05648E-05,3.93734E-05,1.78444E-05,6.30532E-05,-1.22494E-05,6.01378E-05,1.84773E-05,8.96644E-05,1.52734E-05,4.96024E-05,3.81374E-05,6.83933E-05,5.99855E-05,3.35616E-05,4.57429E-05,3.81373E-05,3.04992E-05,3.24972E-05,7.10065E-05,8.83107E-05,5.42643E-05,3.48764E-05,2.22089E-05,4.11206E-05,3.51595E-05,3.12074E-05,
,4.52129E-05,9.99082E-05,5.23362E-05,3.32783E-05,3.10747E-05,1.98489E-05,2.98754E-05,0.000145792,4.88298E-05,4.48494E-05,1.53276E-05,6.29055E-05,6.65503E-05,6.63189E-05,4.26545E-05,5.07445E-05,0.000132016,9.21414E-05,0.000100379,0.000320317,2.94082E-05,2.23679E-05,2.9392E-05,5.79411E-05,3.44827E-05,5.71752E-05,2.75134E-05,9.03177E-06,2.51994E-05,8.5733E-06,3.25584E-05,2.04024E-05,4.47353E-05,7.57506E-05,4.21732E-05,2.25671E-05,3.43239E-05,4.75247E-05,0.000106995,4.28465E-05,6.6576E-05,2.96443E-05,1.96426E-05,1.34532E-05,2.80832E-05,3.3767E-05,4.39271E-05,0.000129973,2.79808E-05,5.58791E-05,4.75198E-05,2.57163E-05,1.75087E-05,3.55455E-05,2.82691E-05,6.11609E-05,2.42105E-05,4.41835E-05,1.56896E-05,5.7027E-05,9.84108E-05,5.16526E-05,1.92236E-05,3.89271E-05,5.68677E-05,0.000113906,-8.20385E-06,7.84364E-05,2.39406E-05,4.08884E-05,0.000100113,5.94554E-05,1.93812E-05,5.6994E-05,2.83487E-05,2.18434E-05,6.98244E-05,4.1335E-05,3.42525E-05,2.8152E-05,2.87317E-05,9.35305E-06,4.64901E-05,6.17053E-05,-3.95779E-05,4.02588E-05,4.46883E-05,2.47433E-05,2.63735E-05,2.07984E-05,
,1.62542E-05,4.07472E-05,4.44105E-05,3.56677E-05,4.11117E-05,4.77525E-05,4.38088E-05,3.91357E-05,-5.40077E-06,5.75548E-05,4.75999E-05,2.96744E-05,1.78368E-05,2.25109E-05,4.03882E-05,6.85948E-05,4.67E-05,3.34166E-05,4.23355E-05,2.94082E-05,0.000129178,2.42523E-05,2.53611E-05,4.32438E-05,5.37259E-05,4.11978E-05,4.20027E-05,6.35718E-05,3.86145E-05,1.22372E-05,5.9613E-05,2.0457E-05,4.58915E-05,6.90941E-05,4.06018E-05,2.81922E-05,5.01702E-05,4.43234E-05,3.76822E-05,5.49626E-05,3.04741E-05,4.9892E-05,5.60097E-05,9.01289E-06,3.04559E-05,4.4334E-05,4.16546E-05,3.64428E-05,6.17515E-05,3.83977E-05,6.88203E-05,2.66247E-05,2.42493E-05,4.29405E-05,3.79704E-05,5.59293E-05,7.04421E-05,3.09207E-05,1.49636E-05,3.47702E-05,3.79936E-05,3.22107E-05,2.55244E-05,5.25835E-05,3.36024E-05,2.81831E-05,-3.80916E-05,3.22837E-05,3.0231E-05,5.80544E-05,3.57049E-05,2.34975E-05,1.83228E-05,3.95891E-05,4.54069E-05,2.50531E-05,4.80114E-05,5.44167E-05,3.34969E-05,3.48148E-05,4.46252E-05,3.14111E-05,6.83529E-05,2.8828E-05,-1.58262E-05,3.46065E-05,3.4025E-05,3.78062E-05,2.81752E-05,3.69312E-05,
,1.16404E-05,1.30495E-05,2.16695E-05,2.70412E-05,1.99324E-05,-1.12853E-05,1.59218E-05,6.82185E-07,1.96425E-06,2.2663E-05,3.11604E-05,-3.65921E-06,1.37622E-05,-1.44564E-05,1.72844E-05,1.71503E-05,1.01229E-05,1.77965E-05,2.61335E-05,2.23679E-05,2.42523E-05,0.000106202,7.43667E-05,2.08262E-05,2.06916E-05,3.43193E-05,1.38351E-05,2.5019E-05,2.62461E-05,2.87594E-05,8.76467E-06,6.09022E-06,1.2473E-05,4.01973E-06,4.85048E-06,3.53475E-05,8.16172E-06,5.50386E-06,1.37512E-05,2.00409E-05,1.56079E-05,3.43519E-05,1.48721E-05,3.57812E-05,4.64759E-05,2.21561E-05,1.29147E-05,1.23261E-05,2.21379E-05,2.91176E-05,1.24207E-06,6.93544E-05,3.53066E-05,2.80453E-05,7.53713E-06,2.9025E-05,2.19045E-05,1.37654E-05,1.76321E-05,4.52143E-06,3.03213E-05,1.66735E-05,4.24072E-05,1.8487E-05,1.01368E-05,1.41159E-05,-3.13815E-05,6.04876E-06,1.31616E-05,9.19707E-06,-4.48928E-06,3.43261E-05,4.44813E-05,1.41795E-05,2.19997E-05,-2.0625E-06,2.33519E-05,1.36128E-05,1.21878E-05,3.37812E-05,2.99847E-05,2.18568E-05,1.47174E-05,7.06453E-06,-3.49155E-05,1.32988E-05,1.48718E-05,3.05614E-05,3.3598E-05,1.66051E-05,
,2.81529E-05,1.83263E-05,2.00396E-05,3.08885E-05,2.47245E-05,7.16032E-06,1.49073E-05,3.63585E-05,-4.65783E-06,2.96375E-05,2.91319E-05,4.36344E-06,1.96392E-05,2.26243E-06,2.11629E-05,1.96428E-05,1.51588E-05,2.05927E-05,1.70935E-05,2.9392E-05,2.53611E-05,7.43667E-05,0.000133455,2.82395E-05,2.09223E-05,3.89666E-05,1.78709E-05,2.28366E-05,2.57261E-05,3.41707E-05,1.36479E-05,1.09919E-05,2.27503E-05,9.10189E-06,1.33409E-05,4.60875E-05,1.55304E-05,-1.42842E-06,7.03765E-06,8.45229E-06,1.75607E-05,3.48856E-05,1.71484E-05,4.68108E-05,6.34442E-05,2.42479E-05,2.18503E-05,2.96252E-05,2.53949E-05,3.19259E-05,8.24612E-06,8.8789E-05,3.73689E-05,3.24253E-05,1.1407E-05,3.35642E-05,3.97347E-05,1.8035E-05,1.70562E-05,2.06616E-05,2.13035E-05,1.97199E-05,6.69494E-05,2.29693E-05,2.2285E-05,4.70064E-05,-3.57624E-05,6.61616E-06,1.97662E-05,1.08556E-05,3.33993E-05,2.52836E-05,5.07764E-05,1.98881E-05,2.81406E-05,-8.6104E-06,3.5387E-05,1.13471E-05,6.41324E-06,4.34218E-05,4.79748E-05,2.39912E-05,2.43599E-05,2.10234E-05,-2.18045E-05,1.9425E-05,2.16962E-05,4.89537E-05,4.01351E-05,1.86435E-05,
,4.31285E-05,4.61559E-05,3.78701E-05,4.15578E-05,5.19423E-05,4.46628E-05,3.42035E-05,2.72419E-05,3.25235E-05,4.36586E-05,4.20093E-05,3.25882E-05,4.59528E-05,3.89287E-05,3.23812E-05,5.44841E-05,4.84603E-05,2.70149E-05,5.57829E-05,5.79411E-05,4.32438E-05,2.08262E-05,2.82395E-05,0.000202884,5.13226E-05,5.47978E-05,3.0232E-05,4.19201E-05,3.71014E-05,8.96326E-06,4.73541E-05,4.32857E-05,4.72264E-05,6.2593E-05,7.18754E-05,2.28361E-05,3.63246E-05,4.54891E-05,5.44693E-05,5.28997E-05,5.13679E-05,3.86247E-05,4.60278E-05,1.60879E-05,3.48937E-05,3.36592E-05,5.68868E-05,4.11691E-05,4.69584E-05,2.98516E-05,5.65214E-05,2.63801E-05,2.04371E-05,6.06388E-05,2.43441E-05,5.40231E-05,4.60267E-05,2.93352E-05,2.26263E-05,3.00032E-05,4.18416E-05,4.18433E-05,3.5503E-05,3.64546E-05,5.11242E-05,4.57154E-05,2.00308E-05,5.82294E-05,7.81232E-06,7.19164E-05,5.33264E-05,0.000101798,2.41388E-05,2.74472E-05,4.79895E-05,5.19818E-05,4.97931E-05,3.74304E-05,3.56565E-05,3.27727E-05,6.88832E-05,3.82483E-05,4.67513E-05,6.38523E-05,3.20784E-05,3.85131E-05,3.19757E-05,5.65826E-05,2.27625E-05,3.861E-05,
,3.63505E-05,5.6202E-05,4.48547E-05,3.07703E-05,6.16872E-05,4.59626E-05,3.60536E-05,9.70201E-05,5.2708E-05,6.26342E-05,5.43956E-05,6.03394E-05,5.47479E-05,5.74103E-05,4.09069E-05,5.55972E-05,5.45784E-05,2.48154E-05,3.04421E-05,3.44827E-05,5.37259E-05,2.06916E-05,2.09223E-05,5.13226E-05,0.000138383,2.70605E-05,3.44103E-05,5.96079E-05,4.02292E-05,1.22887E-05,5.83002E-05,2.20915E-05,4.0319E-05,7.10114E-05,3.79039E-05,2.33433E-05,5.63019E-05,3.44957E-05,4.20736E-05,4.39066E-05,6.38762E-05,5.45356E-05,4.62702E-05,4.55247E-06,3.17554E-05,4.33166E-05,6.43861E-05,7.48536E-05,5.82283E-05,2.97285E-05,5.68351E-05,2.08693E-05,2.12122E-05,5.36931E-05,4.81196E-05,5.95758E-05,5.0466E-05,5.49729E-05,2.30056E-05,5.70253E-05,3.54338E-05,2.92548E-05,3.04685E-05,5.09993E-05,6.05916E-05,7.97514E-05,3.15113E-05,7.59073E-05,4.61154E-05,7.15491E-05,8.59667E-05,3.52826E-05,2.13869E-05,2.88048E-05,6.06693E-05,3.44792E-05,5.36738E-05,5.33133E-05,3.04215E-05,3.91152E-05,2.92822E-05,2.82551E-05,5.78461E-05,4.7585E-05,3.49176E-05,4.08984E-05,5.52751E-05,3.3633E-05,1.54832E-05,3.02862E-05,
,2.33162E-05,6.07189E-05,5.08784E-05,6.11825E-05,3.46752E-05,5.5968E-05,3.58605E-05,5.91731E-05,1.15639E-06,5.7619E-05,3.43994E-05,8.1306E-06,2.74107E-05,2.90081E-05,4.78501E-05,5.1691E-05,6.40577E-05,4.18359E-05,0.000122751,5.71752E-05,4.11978E-05,3.43193E-05,3.89666E-05,5.47978E-05,2.70605E-05,0.000241094,3.74123E-05,3.25414E-05,3.4501E-05,1.16694E-05,3.8673E-05,3.39379E-05,5.12745E-05,4.73263E-05,2.93474E-05,2.6129E-05,3.20391E-05,5.19926E-05,8.10412E-05,4.10728E-05,3.29714E-05,4.87879E-05,4.45831E-05,1.61889E-05,4.61562E-05,4.21261E-05,3.90356E-05,8.13955E-05,4.37791E-05,4.67928E-05,4.57144E-05,4.93094E-05,3.22228E-05,3.83804E-05,2.1995E-05,5.44667E-05,4.23027E-05,3.03268E-05,3.06877E-05,2.31522E-05,0.000109755,4.43898E-05,3.45183E-05,3.94783E-05,4.12253E-05,5.20281E-05,-4.65861E-05,5.65882E-05,-3.52782E-06,4.96737E-05,3.54251E-05,6.49453E-05,3.72866E-05,5.00048E-05,4.14667E-05,3.86545E-05,4.47346E-05,2.87968E-05,3.96969E-05,4.20091E-05,3.84289E-05,4.46692E-05,6.3148E-05,4.9653E-05,-1.23705E-05,6.54182E-05,3.75839E-05,5.75949E-05,6.49841E-05,2.86709E-05,
,3.17277E-05,3.7535E-05,2.76774E-05,4.08242E-05,3.35541E-05,5.56188E-05,3.24594E-05,6.27823E-05,1.83277E-05,4.65226E-05,5.11762E-05,2.75299E-05,2.57137E-05,3.342E-05,2.46604E-05,6.0787E-05,1.74988E-05,1.56302E-05,4.02719E-05,2.75134E-05,4.20027E-05,1.38351E-05,1.78709E-05,3.0232E-05,3.44103E-05,3.74123E-05,0.000126019,6.55963E-05,2.90481E-05,4.16633E-06,6.28107E-05,8.09946E-05,5.86171E-05,0.000113771,3.15224E-05,2.62687E-05,2.75795E-05,5.66037E-05,1.95606E-05,5.32485E-05,3.4405E-05,4.60735E-05,5.31687E-05,5.6677E-06,2.19425E-05,3.36567E-05,4.0798E-05,2.15934E-05,4.58691E-05,3.17102E-05,5.88193E-05,1.61497E-05,1.89413E-05,3.37532E-05,2.24154E-05,5.65855E-05,6.70248E-05,3.28429E-05,2.61538E-05,4.14185E-05,4.24326E-05,2.19266E-05,1.45963E-05,3.99735E-05,3.47378E-05,4.40362E-05,7.33196E-05,3.41473E-05,3.19251E-05,6.22465E-05,4.52749E-05,5.56322E-05,1.07946E-05,2.95441E-05,5.09362E-05,0.00011666,4.12668E-05,3.97213E-05,9.0977E-05,2.62288E-05,2.8506E-05,3.10438E-05,5.65702E-05,4.99805E-05,-5.97266E-06,3.42065E-05,3.71029E-05,3.67791E-05,1.86237E-05,7.46058E-05,
,4.53077E-05,3.94823E-05,4.88787E-05,4.59649E-05,4.99565E-05,4.31408E-05,3.74727E-05,6.0887E-05,4.87329E-05,8.05261E-05,6.53457E-05,4.3374E-05,4.40651E-05,5.4252E-05,3.73095E-05,7.88296E-05,3.88689E-05,1.60903E-05,2.38561E-05,9.03177E-06,6.35718E-05,2.5019E-05,2.28366E-05,4.19201E-05,5.96079E-05,3.25414E-05,6.55963E-05,0.00016611,5.14714E-05,-3.12777E-06,0.000101104,5.60304E-05,6.72102E-05,0.000120433,4.01192E-05,2.25219E-05,6.01585E-05,4.60035E-05,3.17072E-05,7.42314E-05,5.35355E-05,6.97249E-05,6.97767E-05,2.61272E-06,3.44111E-05,4.13022E-05,5.57668E-05,5.5235E-05,8.23396E-05,3.14739E-05,7.6161E-05,2.58002E-05,2.11134E-05,5.37648E-05,4.82286E-05,7.35964E-05,5.5679E-05,4.77636E-05,2.21066E-05,5.94771E-05,3.00974E-05,3.70694E-05,2.51041E-05,5.99135E-05,5.33086E-05,5.68274E-05,4.07544E-05,6.4465E-05,5.86404E-05,7.57529E-05,7.90494E-05,5.88441E-05,1.42954E-05,3.14195E-05,6.64365E-05,8.75459E-05,6.59635E-05,7.73882E-05,7.42516E-05,3.89029E-05,3.58352E-05,2.73532E-05,7.39145E-05,7.34563E-05,-2.84811E-06,4.28926E-05,5.00616E-05,3.34812E-05,3.20334E-05,5.21937E-05,
,2.85783E-05,4.22533E-05,3.9721E-05,3.36831E-05,3.73411E-05,2.79935E-05,2.72514E-05,6.45601E-05,3.34599E-05,5.19477E-05,4.2364E-05,2.69151E-05,3.3156E-05,2.47826E-05,3.44497E-05,4.64022E-05,4.02834E-05,2.05087E-05,3.01424E-05,2.51994E-05,3.86145E-05,2.62461E-05,2.57261E-05,3.71014E-05,4.02292E-05,3.4501E-05,2.90481E-05,5.14714E-05,6.93101E-05,1.00107E-05,4.92875E-05,2.80416E-05,4.33712E-05,6.11401E-05,2.54994E-05,1.82261E-05,3.31372E-05,2.73665E-05,3.71728E-05,4.7483E-05,4.09944E-05,3.90184E-05,3.86912E-05,1.39401E-05,2.48988E-05,2.96667E-05,4.58957E-05,3.73535E-05,5.07754E-05,3.31435E-05,4.3621E-05,2.84633E-05,2.21901E-05,3.88305E-05,2.75455E-05,4.97262E-05,4.0383E-05,3.7397E-05,2.582E-05,4.05451E-05,3.14222E-05,3.12057E-05,2.70435E-05,4.13197E-05,4.38622E-05,4.37151E-05,1.92751E-05,3.77491E-05,2.68264E-05,4.19886E-05,5.48492E-05,4.45735E-05,2.15891E-05,2.4915E-05,4.92468E-05,3.0266E-05,3.77433E-05,4.31454E-05,3.2759E-05,2.57703E-05,3.17448E-05,2.51871E-05,4.28284E-05,5.27273E-05,1.2983E-05,3.05646E-05,3.80215E-05,2.58962E-05,2.7038E-05,2.82137E-05,
,2.29877E-06,1.00105E-05,1.47717E-05,1.04645E-05,2.58915E-05,-6.28636E-06,9.7825E-06,-1.70882E-05,6.06241E-06,6.44603E-06,9.45585E-06,-3.32234E-06,1.09773E-05,-9.96383E-07,1.90006E-05,-3.7519E-06,-5.7677E-06,1.42078E-05,1.70221E-05,8.5733E-06,1.22372E-05,2.87594E-05,3.41707E-05,8.96326E-06,1.22887E-05,1.16694E-05,4.16633E-06,-3.12777E-06,1.00107E-05,8.0519E-05,-5.02343E-06,-9.03153E-06,-2.88236E-07,-3.0698E-05,-4.47607E-08,3.4248E-05,3.19157E-06,1.87464E-06,-3.45822E-06,-1.65653E-06,1.09952E-05,5.08433E-06,4.15287E-06,4.92429E-05,2.50322E-05,7.79927E-06,1.57593E-05,1.11024E-05,8.41704E-06,2.07124E-05,-1.76098E-05,2.9111E-05,2.55452E-05,4.53368E-06,-1.10483E-06,5.23929E-06,-1.97906E-05,5.84618E-06,1.8502E-05,-1.3748E-06,1.05604E-05,1.21904E-05,2.5083E-05,1.55184E-05,1.82517E-05,-7.61367E-06,-2.19277E-05,2.67029E-06,5.29087E-06,-1.36202E-05,-1.80317E-06,1.51446E-07,3.13438E-05,1.22189E-05,1.30426E-05,-2.50674E-05,8.30885E-06,5.26344E-06,-1.2536E-05,1.93739E-05,1.76563E-05,6.56592E-06,-1.75985E-06,5.8692E-06,-5.78399E-06,1.47919E-05,8.12148E-06,2.80274E-05,1.85434E-05,9.63858E-06,
,5.2156E-05,5.89438E-05,5.18981E-05,4.09411E-05,4.85804E-05,4.71235E-05,4.5451E-05,8.1186E-05,5.1696E-05,7.7653E-05,6.67741E-05,5.65647E-05,5.66911E-05,6.31008E-05,3.89437E-05,7.80343E-05,5.42292E-05,2.35719E-05,3.85824E-05,3.25584E-05,5.9613E-05,8.76467E-06,1.36479E-05,4.73541E-05,5.83002E-05,3.8673E-05,6.28107E-05,0.000101104,4.92875E-05,-5.02343E-06,0.000147657,6.87143E-05,6.43719E-05,0.000123351,4.44365E-05,2.20821E-05,5.39402E-05,5.76114E-05,5.00439E-05,6.34178E-05,6.37071E-05,6.37378E-05,8.18996E-05,3.02917E-07,2.46932E-05,4.62867E-05,7.13974E-05,7.06453E-05,8.37213E-05,3.72552E-05,7.66319E-05,1.26128E-05,1.49921E-05,5.68139E-05,4.03314E-05,7.23277E-05,6.05906E-05,5.50606E-05,2.79394E-05,7.83788E-05,3.30397E-05,4.16175E-05,1.85108E-05,6.39477E-05,6.62217E-05,7.17668E-05,3.9936E-05,7.22552E-05,5.44206E-05,9.55654E-05,0.000100711,5.79603E-05,7.17957E-06,3.4131E-05,7.08357E-05,8.28932E-05,8.23319E-05,6.65412E-05,7.41778E-05,3.98322E-05,3.24527E-05,2.57163E-05,6.78728E-05,7.44846E-05,4.76706E-05,4.77799E-05,5.16655E-05,3.44288E-05,2.25431E-05,5.15087E-05,
,5.47192E-05,4.22033E-05,3.61205E-05,2.99213E-05,3.14558E-05,2.15034E-05,3.61648E-05,7.60317E-05,4.86269E-05,4.50247E-05,5.23881E-05,2.5196E-05,4.9042E-05,5.15225E-05,3.30506E-05,4.94113E-05,4.63795E-05,-6.26227E-06,4.76183E-05,2.04024E-05,2.0457E-05,6.09022E-06,1.09919E-05,4.32857E-05,2.20915E-05,3.39379E-05,8.09946E-05,5.60304E-05,2.80416E-05,-9.03153E-06,6.87143E-05,0.000297638,4.59217E-05,0.000132472,4.22719E-05,3.92889E-05,2.12208E-05,5.12299E-05,4.94051E-05,4.65754E-05,5.06736E-05,3.82396E-05,5.00131E-05,2.48074E-05,3.69034E-05,3.86467E-05,5.85974E-05,0.00012001,4.26959E-05,2.05413E-05,4.89389E-05,1.6221E-05,1.38235E-05,4.83177E-05,1.33071E-05,6.14618E-05,3.90487E-05,4.03157E-05,2.87869E-05,5.9143E-05,3.94729E-05,3.31303E-05,2.23336E-05,3.5675E-05,4.6075E-05,7.90249E-05,7.12521E-05,5.0576E-05,2.51889E-05,6.2669E-05,8.62525E-05,6.16859E-05,5.23927E-06,1.80934E-05,5.73063E-05,0.000134317,5.99366E-05,3.73987E-05,9.14435E-05,1.76937E-05,2.75133E-05,2.94916E-05,4.3273E-05,6.73458E-05,5.06986E-05,3.76115E-05,4.50476E-05,1.96036E-05,2.01706E-05,6.5936E-05,
,4.30295E-05,3.82678E-05,3.72918E-05,4.52077E-05,4.30806E-05,9.56246E-05,3.26076E-05,8.04057E-05,2.81687E-05,7.09733E-05,4.47237E-05,3.00745E-05,5.25788E-05,5.32245E-05,2.6395E-05,7.69407E-05,5.18132E-05,2.98905E-05,6.25106E-05,4.47353E-05,4.58915E-05,1.2473E-05,2.27503E-05,4.72264E-05,4.0319E-05,5.12745E-05,5.86171E-05,6.72102E-05,4.33712E-05,-2.88236E-07,6.43719E-05,4.59217E-05,0.000172118,9.61071E-05,4.13784E-05,2.40716E-05,3.26785E-05,6.71318E-05,4.47099E-05,0.000133516,4.58734E-05,6.42912E-05,6.86771E-05,1.511E-05,3.2324E-05,4.41882E-05,4.80063E-05,3.10565E-05,5.35074E-05,3.11678E-05,6.62732E-05,2.25134E-05,1.88741E-05,6.38801E-05,2.33389E-05,7.45192E-05,0.000108315,3.93176E-05,2.04207E-05,4.83363E-05,5.05978E-05,2.91189E-05,1.53717E-05,4.23775E-05,4.26684E-05,8.57104E-05,2.3889E-05,5.3295E-05,2.51242E-05,7.91161E-05,6.14065E-05,7.57305E-05,1.47952E-05,3.22894E-05,5.58759E-05,5.52424E-05,6.49101E-05,4.47872E-05,5.26978E-05,3.95416E-05,4.041E-05,4.51076E-05,7.24552E-05,5.61548E-05,3.60316E-05,4.48798E-05,4.10548E-05,4.48925E-05,2.33163E-05,3.79214E-05,
,8.62518E-05,5.15518E-05,7.23047E-05,4.41362E-05,5.41178E-05,0.000116898,4.66433E-05,0.00019553,7.81023E-05,0.000106496,8.23678E-05,8.65164E-05,9.88898E-05,0.000139472,4.81683E-05,0.000118693,6.86666E-05,2.31521E-05,7.45804E-05,7.57506E-05,6.90941E-05,4.01973E-06,9.10189E-06,6.2593E-05,7.10114E-05,4.73263E-05,0.000113771,0.000120433,6.11401E-05,-3.0698E-05,0.000123351,0.000132472,9.61071E-05,0.000698348,8.1354E-05,3.86501E-05,6.67924E-05,8.74676E-05,5.54697E-05,9.95324E-05,8.17946E-05,7.06636E-05,9.20999E-05,-8.04417E-06,3.63645E-05,4.80838E-05,8.19446E-05,0.000146716,8.51969E-05,2.84649E-05,0.000107879,1.65474E-05,2.02538E-05,7.8522E-05,5.77109E-05,0.000111559,0.000123014,9.0669E-05,5.19628E-05,0.000125357,8.22484E-05,4.33186E-05,1.42463E-05,5.52099E-05,8.60309E-05,0.000156672,0.000251154,0.000134243,7.48823E-05,0.000194997,0.000147005,9.97102E-05,3.39816E-06,2.98194E-05,0.000103499,0.000155564,8.88638E-05,7.38084E-05,0.000125309,2.01484E-05,3.30554E-05,6.36683E-05,0.000103281,0.00013574,7.54755E-05,3.40613E-05,8.57472E-05,1.92701E-05,3.0359E-05,8.98322E-05,
,3.39832E-05,2.34762E-05,3.58136E-05,2.72089E-05,6.14024E-05,7.71334E-05,3.32759E-05,3.59924E-05,4.16788E-05,3.32182E-05,3.32525E-05,3.30498E-05,3.28976E-05,4.31274E-05,2.86164E-05,5.80014E-05,4.48337E-05,1.68714E-05,3.8355E-05,4.21732E-05,4.06018E-05,4.85048E-06,1.33409E-05,7.18754E-05,3.79039E-05,2.93474E-05,3.15224E-05,4.01192E-05,2.54994E-05,-4.47607E-08,4.44365E-05,4.22719E-05,4.13784E-05,8.1354E-05,0.000264019,2.87166E-05,2.34696E-05,4.71886E-05,4.53699E-05,4.97983E-05,3.86046E-05,3.99365E-05,7.39272E-05,7.26233E-06,1.99976E-05,4.62862E-05,5.38838E-05,5.36662E-05,4.03239E-05,1.47198E-05,4.8253E-05,1.60426E-05,3.05109E-06,4.96306E-05,2.01811E-05,5.76173E-05,4.69828E-05,3.14992E-05,1.41657E-05,4.88741E-05,3.66928E-05,2.79507E-05,1.34275E-05,2.91111E-05,3.83183E-05,5.99776E-05,5.07954E-05,6.38793E-05,6.86845E-06,5.51154E-05,5.87657E-05,3.38281E-05,9.65608E-06,2.48023E-05,4.67272E-05,6.04121E-05,2.77396E-05,3.59802E-05,4.75439E-05,2.85226E-05,3.57928E-05,4.1229E-05,4.43284E-05,5.98725E-05,2.99691E-05,2.68842E-05,2.67397E-05,3.37459E-05,1.51869E-05,2.54234E-05,
